c
5
406
4
0 -23.532 9.637 0 0.168981 0.216775
0 -14.293 2.435 0 0.337961 0.43355
0 -14.293 2.435 0 0.337961 0.43355
0 -23.532 9.637 0 0.168981 0.216775
4
0 -23.602 9.631 0 0.179871 0.253046
0 -23.532 9.637 0 0.168981 0.216775
0 -14.293 2.435 0 0.337961 0.43355
-0.199 -14.492 2.417 -0.777994 0.289798 0.384694
4
0 -23.602 9.631 0 0.179871 0.253046
0.199 -14.492 2.417 0.777994 0.289798 0.384694
0 -14.293 2.435 0 0.337961 0.43355
0 -23.532 9.637 0 0.168981 0.216775
4
-0.14 -24.436 9.558 -0.970231 0.0463771 0.201016
0 -23.602 9.631 0 0.179871 0.253046
-0.199 -14.492 2.417 -0.777994 0.289798 0.384694
-0.399 -16.877 2.209 -0.994849 0.0349168 0.075694
4
0.14 -24.436 9.558 0.970231 0.0463771 0.201016
0.399 -16.877 2.209 0.994849 0.0349168 0.075694
0.199 -14.492 2.417 0.777994 0.289798 0.384694
0 -23.602 9.631 0 0.179871 0.253046
4
-0.14 -25.062 9.504 -0.980862 -0.0245402 0.134616
-0.14 -24.436 9.558 -0.970231 0.0463771 0.201016
-0.399 -16.877 2.209 -0.994849 0.0349168 0.075694
-0.399 -18.665 2.053 -0.998202 -0.0379514 0.00211636
4
0.14 -25.062 9.504 0.980862 -0.0245402 0.134616
0.399 -18.665 2.053 0.998202 -0.0379514 0.00211636
0.399 -16.877 2.209 0.994849 0.0349168 0.075694
0.14 -24.436 9.558 0.970231 0.0463771 0.201016
4
0 -27.166 10.021 0 -0.0360594 0.11847
-0.14 -25.062 9.504 -0.980862 -0.0245402 0.134616
-0.399 -18.665 2.053 -0.998202 -0.0379514 0.00211636
0 -23.931 1.593 0 -0.0730827 -0.0280909
4
0 -27.166 10.021 0 -0.0360594 0.11847
0 -23.931 1.593 0 -0.0730827 -0.0280909
0.399 -18.665 2.053 0.998202 -0.0379514 0.00211636
0.14 -25.062 9.504 0.980862 -0.0245402 0.134616
3
0 -24.055 9.892 0 0.0617578 0.194832
0 -23.532 9.637 0 0.168981 0.216775
0 -23.532 9.637 0 0.168981 0.216775
3
0 -23.602 9.631 0 0.179871 0.253046
0 -24.055 9.892 0 0.0617578 0.194832
0 -23.532 9.637 0 0.168981 0.216775
3
0 -24.055 9.892 0 0.0617578 0.194832
0 -23.602 9.631 0 0.179871 0.253046
0 -23.532 9.637 0 0.168981 0.216775
3
-0.14 -24.436 9.558 -0.970231 0.0463771 0.201016
0 -24.055 9.892 0 0.0617578 0.194832
0 -23.602 9.631 0 0.179871 0.253046
3
0 -24.055 9.892 0 0.0617578 0.194832
0.14 -24.436 9.558 0.970231 0.0463771 0.201016
0 -23.602 9.631 0 0.179871 0.253046
3
-0.14 -24.436 9.558 -0.970231 0.0463771 0.201016
0 -24.966 10.013 0 0.00770901 0.291977
0 -24.055 9.892 0 0.0617578 0.194832
3
0 -24.966 10.013 0 0.00770901 0.291977
0.14 -24.436 9.558 0.970231 0.0463771 0.201016
0 -24.055 9.892 0 0.0617578 0.194832
3
-0.14 -24.436 9.558 -0.970231 0.0463771 0.201016
-0.14 -25.062 9.504 -0.980862 -0.0245402 0.134616
0 -24.966 10.013 0 0.00770901 0.291977
3
0.14 -25.062 9.504 0.980862 -0.0245402 0.134616
0.14 -24.436 9.558 0.970231 0.0463771 0.201016
0 -24.966 10.013 0 0.00770901 0.291977
3
-0.14 -25.062 9.504 -0.980862 -0.0245402 0.134616
0 -27.166 10.021 0 -0.0360594 0.11847
0 -24.966 10.013 0 0.00770901 0.291977
3
0 -27.166 10.021 0 -0.0360594 0.11847
0.14 -25.062 9.504 0.980862 -0.0245402 0.134616
0 -24.966 10.013 0 0.00770901 0.291977
4
1.926 -21.675 -0.628 0 -0.0400763 0.998526
1.829 -23.717 -0.785 0 -0.0766592 0
4.869 -23.717 -0.785 0.333333 -0.0511061 0
4.869 -21.675 -0.628 0.333333 -0.0267175 0.665684
4
2.277 -14.293 -0.602 0.00695827 -0.00790076 0.999911
1.926 -21.675 -0.628 0 -0.0400763 0.998526
4.869 -21.675 -0.628 0.333333 -0.0267175 0.665684
4.869 -10.225 -0.588 0.241494 -0.0483334 0.791815
4
1.926 -21.675 -0.942 3.69497e-05 -0.0539551 -0.998284
2.277 -14.293 -1.173 7.38993e-05 -0.0312511 -0.999512
4.869 -10.225 -1.3 -0.000857893 0.00996714 -0.59848
4.869 -21.675 -0.942 0.333358 -0.0359701 -0.665523
4
1.829 -23.717 -0.785 0 -0.0766592 0
1.926 -21.675 -0.942 3.69497e-05 -0.0539551 -0.998284
4.869 -21.675 -0.942 0.333358 -0.0359701 -0.665523
4.869 -23.717 -0.785 0.333333 -0.0511061 0
5
4.869 -10.225 -0.588 0.241494 -0.0483334 0.791815
4.869 -21.675 -0.628 0.333333 -0.0267175 0.665684
4.869 -23.717 -0.785 0.333333 -0.0511061 0
4.869 -21.675 -0.942 0.333358 -0.0359701 -0.665523
4.869 -10.225 -1.3 -0.000857893 0.00996714 -0.59848
3
4.869 -11.859 -0.952 -0.350096 -0.167658 0.436482
4.869 -11.717 -1.445 -0.546371 0.0706694 -0.491808
4.869 -13.194 -1.728 -0.239871 -0.0901934 -0.0622023
3
4.869 -10.225 -1.3 -0.000857893 0.00996714 -0.59848
4.869 -11.717 -1.445 -0.546371 0.0706694 -0.491808
4.869 -11.859 -0.952 -0.350096 -0.167658 0.436482
4
-1.926 -21.675 -0.628 0 -0.0400763 0.998526
-4.869 -21.675 -0.628 -0.333333 -0.0267175 0.665684
-4.869 -23.717 -0.785 0 -0.0766592 0.997057
-1.829 -23.717 -0.785 0 -0.0766592 0.997057
4
-2.277 -14.293 -0.602 0 -0.00349343 0.999994
-4.869 -10.225 -0.588 -0.5 -0.00174672 0.499997
-4.869 -21.675 -0.628 -0.333333 -0.0267175 0.665684
-1.926 -21.675 -0.628 0 -0.0400763 0.998526
4
-1.926 -21.675 -0.942 -3.69497e-05 -0.0539551 -0.998284
-4.869 -21.675 -0.942 -0.333358 -0.0359701 -0.665523
-4.869 -10.225 -1.3 -2.46366e-05 -0.010417 -0.333171
-2.277 -14.293 -1.173 -7.38993e-05 -0.0312511 -0.999512
4
-1.829 -23.717 -0.785 0 -0.0766591 -0.997057
-4.869 -23.717 -0.785 -0.5 -0.0383296 -0.498529
-4.869 -21.675 -0.942 -0.333358 -0.0359701 -0.665523
-1.926 -21.675 -0.942 -3.69497e-05 -0.0539551 -0.998284
5
-4.869 -10.225 -1.3 -2.46366e-05 -0.010417 -0.333171
-4.869 -21.675 -0.942 -0.333358 -0.0359701 -0.665523
-4.869 -23.717 -0.785 -0.5 -0.0383296 -0.498529
-4.869 -21.675 -0.628 -0.333333 -0.0267175 0.665684
-4.869 -10.225 -0.588 -0.5 -0.00174672 0.499997
3
-4.869 -11.717 -1.445 1 0 0
-4.869 -11.859 -0.952 1 0 0
-4.869 -13.194 -1.728 1 0 0
3
-4.869 -11.717 -1.445 1 0 0
-4.869 -10.225 -1.3 -2.46366e-05 -0.010417 -0.333171
-4.869 -11.859 -0.952 1 0 0
3
2.67 -5.969 -0.505 0.0136075 -0.0124678 0.99983
2.277 -14.293 -0.602 0.00695827 -0.00790076 0.999911
4.869 -10.225 -0.588 0.0139165 -0.0123081 0.999827
4
2.945 -3.385 -0.476 0.0382425 0.0571843 0.99486
2.67 -5.969 -0.505 0.0136075 -0.0124678 0.99983
4.869 -10.225 -0.588 0.241494 -0.0483334 0.791815
6.253 -4.571 -0.535 -0.00683841 0.0679502 0.992146
4
3.179 -1.187 -0.772 0.0631865 0.126996 0.989889
2.945 -3.385 -0.476 0.0382425 0.0571843 0.99486
6.253 -4.571 -0.535 -0.00683841 0.0679502 0.992146
6.68 -2.827 -0.786 -0.0406622 0.279771 0.931091
4
3.289 -0.157 -1.211 0.176868 0.369784 0.912128
3.179 -1.187 -0.772 0.176868 0.369784 0.912128
6.68 -2.827 -0.786 -0.0406622 0.279771 0.931091
6.88 -2.01 -1.156 -0.172276 0.494055 0.796364
4
3.306 0 -1.343 0.379651 0.74092 0.373362
3.289 -0.157 -1.211 0.295937 0.595672 0.746723
6.88 -2.01 -1.156 0.295937 0.595672 0.746723
6.911 -1.885 -1.268 0.379651 0.74092 0.373362
4
3.306 0 -1.547 0.397795 0.737719 -0.368235
3.306 0 -1.343 0.379651 0.74092 0.373362
6.911 -1.885 -1.268 0.379651 0.74092 0.373362
6.911 -1.885 -1.429 0.397795 0.737719 -0.368235
4
3.289 -0.157 -1.68 0.231377 0.385076 -0.855637
3.306 0 -1.547 0.397795 0.737719 -0.368235
6.911 -1.885 -1.429 0.397795 0.737719 -0.368235
6.88 -2.01 -1.543 0.231377 0.385076 -0.855637
4
3.215 -0.851 -1.819 0.130528 0.180883 -0.974804
3.289 -0.157 -1.68 0.231377 0.385076 -0.855637
6.88 -2.01 -1.543 0.231377 0.385076 -0.855637
6.746 -2.56 -1.663 0.0847267 0.0850509 -0.986994
4
2.891 -3.898 -1.799 0.0389258 -0.0107816 -0.999184
3.215 -0.851 -1.819 0.0389258 -0.0107816 -0.999184
6.746 -2.56 -1.663 0.0847267 0.0850509 -0.986994
6.153 -4.979 -1.66 0.0389258 -0.0107816 -0.999184
4
2.67 -5.969 -1.58 0.0392291 -0.0600337 -0.996368
2.891 -3.898 -1.799 0.00727102 -0.105917 -0.994348
6.153 -4.979 -1.66 0.00727102 -0.105917 -0.994348
5.331 -8.34 -1.308 0.0438888 -0.0649389 -0.995407
3
4.869 -10.225 -1.3 0.0552081 -0.037092 -0.997378
2.67 -5.969 -1.58 0.0392291 -0.0600337 -0.996368
5.331 -8.34 -1.308 0.0438888 -0.0649389 -0.995407
3
2.277 -14.293 -1.173 0.0299095 -0.0502233 -0.99829
2.67 -5.969 -1.58 0.0392291 -0.0600337 -0.996368
4.869 -10.225 -1.3 0.0552081 -0.037092 -0.997378
3
-2.277 -14.293 -0.602 -0.0139165 -0.0123081 0.999827
-2.67 -5.969 -0.505 -0.0136075 -0.0124678 0.99983
-4.869 -10.225 -0.588 -0.0136075 -0.0124678 0.99983
4
-2.945 -3.385 -0.476 -0.0382425 0.0571843 0.99486
-6.253 -4.571 -0.535 -0.0382425 0.0571843 0.99486
-4.869 -10.225 -0.588 -0.0136075 -0.0124678 0.99983
-2.67 -5.969 -0.505 -0.0136075 -0.0124678 0.99983
4
-3.179 -1.187 -0.772 -0.120027 0.24839 0.951008
-6.68 -2.827 -0.786 -0.120027 0.24839 0.951008
-6.253 -4.571 -0.535 -0.0382425 0.0571843 0.99486
-2.945 -3.385 -0.476 -0.0382425 0.0571843 0.99486
4
-3.289 -0.157 -1.211 -0.236403 0.482728 0.829426
-6.88 -2.01 -1.156 -0.236403 0.482728 0.829426
-6.68 -2.827 -0.786 -0.120027 0.24839 0.951008
-3.179 -1.187 -0.772 -0.120027 0.24839 0.951008
4
-3.306 0 -1.343 -0.379651 0.74092 0.373362
-6.911 -1.885 -1.268 -0.379651 0.74092 0.373362
-6.88 -2.01 -1.156 -0.236403 0.482728 0.829426
-3.289 -0.157 -1.211 -0.236403 0.482728 0.829426
4
-3.306 0 -1.547 -0.397795 0.737719 -0.368235
-6.911 -1.885 -1.429 -0.397795 0.737719 -0.368235
-6.911 -1.885 -1.268 -0.379651 0.74092 0.373362
-3.306 0 -1.343 -0.379651 0.74092 0.373362
4
-3.289 -0.157 -1.68 -0.332226 0.589269 -0.73647
-6.88 -2.01 -1.543 -0.231377 0.385076 -0.855637
-6.911 -1.885 -1.429 -0.397795 0.737719 -0.368235
-3.306 0 -1.547 -0.397795 0.737719 -0.368235
4
-3.215 -0.851 -1.819 -0.0847267 0.0850509 -0.986994
-6.746 -2.56 -1.663 -0.0334221 0.0977994 -0.98472
-6.88 -2.01 -1.543 -0.231377 0.385076 -0.855637
-3.289 -0.157 -1.68 -0.130528 0.180883 -0.974804
4
-2.891 -3.898 -1.799 -0.0230984 -0.0583493 -0.996766
-6.153 -4.979 -1.66 -0.0627186 -0.0676856 -0.992843
-6.746 -2.56 -1.663 -0.0334221 0.0977994 -0.98472
-3.215 -0.851 -1.819 -0.0847267 0.0850509 -0.986994
4
-2.67 -5.969 -1.58 -0.0392291 -0.0600337 -0.996368
-5.331 -8.34 -1.308 -0.0696299 -0.0708701 -0.992351
-6.153 -4.979 -1.66 -0.0627186 -0.0676856 -0.992843
-2.891 -3.898 -1.799 -0.0230984 -0.0583493 -0.996766
3
-2.67 -5.969 -1.58 -0.0392291 -0.0600337 -0.996368
-4.869 -10.225 -1.3 -0.0265132 0.00172573 -0.996911
-5.331 -8.34 -1.308 -0.0696299 -0.0708701 -0.992351
3
-2.67 -5.969 -1.58 -0.0392291 -0.0600337 -0.996368
-2.277 -14.293 -1.173 -0.0299095 -0.0502233 -0.99829
-4.869 -10.225 -1.3 -0.0265132 0.00172573 -0.996911
3
16.848 -0.55 -0.97 0.452634 0.0411203 -0.49342
16.845 -0.613 -0.746 0.71906 -0.16972 0.349601
16.806 -1.257 -1.099 0.426015 -0.109891 -0.0631188
3
16.848 -0.55 -0.97 0.452634 0.0411203 -0.49342
16.889 0.141 -0.905 0.497705 -0.00936359 -0.496936
16.845 -0.613 -0.746 0.71906 -0.16972 0.349601
6
17.048 2.812 -0.556 0.226134 0.0213845 0.74677
16.889 0.141 -0.586 0.398071 -0.0954077 0.655712
16.845 -0.613 -0.746 0.71906 -0.16972 0.349601
16.889 0.141 -0.905 0.497705 -0.00936359 -0.496936
16.943 1.037 -0.916 0.446515 -0.0574306 -0.594797
17.098 3.644 -0.694 0.398433 0.125938 0.456452
8
17.124 4.084 -0.952 0.0296205 0.488053 0.209572
17.12 4.021 -0.889 0.101526 0.351294 0.490694
17.098 3.644 -0.694 0.398433 0.125938 0.456452
16.943 1.037 -0.916 0.446515 -0.0574306 -0.594797
17.037 2.623 -1.126 0.400984 -0.0708466 -0.660907
17.105 3.77 -1.14 0.320837 0.0541999 -0.656591
17.12 4.021 -1.08 0.179055 0.282687 -0.539409
17.124 4.084 -1.017 0.0427821 0.491528 -0.217137
4
6.253 -4.571 -0.535 -0.00683841 0.0679502 0.992146
4.869 -10.225 -0.588 0.241494 -0.0483334 0.791815
16.335 -0.337 -0.586 0.0975558 -0.112928 0.979511
17.048 2.812 -0.556 0.226134 0.0213845 0.74677
4
16.335 -1.091 -0.754 0.300058 -0.335378 0.872986
16.335 -1.728 -1.124 0.140041 -0.135381 -0.0932042
16.806 -1.257 -1.099 0.426015 -0.109891 -0.0631188
16.845 -0.613 -0.746 0.71906 -0.16972 0.349601
4
16.335 -0.337 -0.586 0.0975558 -0.112928 0.979511
16.335 -1.091 -0.754 0.300058 -0.335378 0.872986
16.845 -0.613 -0.746 0.71906 -0.16972 0.349601
16.889 0.141 -0.586 0.398071 -0.0954077 0.655712
3
17.048 2.812 -0.556 0.226134 0.0213845 0.74677
16.335 -0.337 -0.586 0.0975558 -0.112928 0.979511
16.889 0.141 -0.586 0.398071 -0.0954077 0.655712
4
6.68 -2.827 -0.786 -0.0406622 0.279771 0.931091
6.253 -4.571 -0.535 -0.00683841 0.0679502 0.992146
17.048 2.812 -0.556 0.226134 0.0213845 0.74677
17.098 3.644 -0.694 0.398433 0.125938 0.456452
4
6.88 -2.01 -1.156 -0.172276 0.494055 0.796364
6.68 -2.827 -0.786 -0.0406622 0.279771 0.931091
17.098 3.644 -0.694 0.398433 0.125938 0.456452
17.12 4.021 -0.889 0.101526 0.351294 0.490694
4
6.911 -1.885 -1.268 -0.454707 0.761328 0.316799
6.88 -2.01 -1.156 -0.172276 0.494055 0.796364
17.12 4.021 -0.889 0.101526 0.351294 0.490694
17.124 4.084 -0.952 0.0296205 0.488053 0.209572
4
6.911 -1.885 -1.429 -0.434965 0.76654 -0.323265
6.911 -1.885 -1.268 -0.454707 0.761328 0.316799
17.124 4.084 -0.952 0.0296205 0.488053 0.209572
17.124 4.084 -1.017 0.0427821 0.491528 -0.217137
4
6.88 -2.01 -1.543 -0.230556 0.453279 -0.806673
6.911 -1.885 -1.429 -0.434965 0.76654 -0.323265
17.124 4.084 -1.017 0.0427821 0.491528 -0.217137
17.12 4.021 -1.08 0.179055 0.282687 -0.539409
4
6.746 -2.56 -1.663 -0.0178826 0.110548 -0.982446
6.88 -2.01 -1.543 -0.230556 0.453279 -0.806673
17.12 4.021 -1.08 0.179055 0.282687 -0.539409
17.105 3.77 -1.14 0.320837 0.0541999 -0.656591
4
6.153 -4.979 -1.66 0.102339 -0.0770218 -0.98892
6.746 -2.56 -1.663 -0.0178826 0.110548 -0.982446
17.105 3.77 -1.14 0.320837 0.0541999 -0.656591
17.037 2.623 -1.126 0.400984 -0.0708466 -0.660907
4
5.331 -8.34 -1.308 0.0953709 -0.0768013 -0.989294
6.153 -4.979 -1.66 0.102339 -0.0770218 -0.98892
17.037 2.623 -1.126 0.400984 -0.0708466 -0.660907
16.943 1.037 -0.916 0.446515 -0.0574306 -0.594797
4
4.869 -10.225 -1.3 -0.000857893 0.00996714 -0.59848
5.331 -8.34 -1.308 0.0953709 -0.0768013 -0.989294
16.943 1.037 -0.916 0.446515 -0.0574306 -0.594797
16.335 -0.337 -0.923 -0.0024898 0.0406545 -0.996441
4
16.335 -1.028 -0.99 -0.0928694 0.141204 -0.983641
16.335 -0.337 -0.923 -0.0024898 0.0406545 -0.996441
16.889 0.141 -0.905 0.497705 -0.00936359 -0.496936
16.848 -0.55 -0.97 0.452634 0.0411203 -0.49342
4
16.335 -1.728 -1.124 0.140041 -0.135381 -0.0932042
16.335 -1.028 -0.99 -0.0928694 0.141204 -0.983641
16.848 -0.55 -0.97 0.452634 0.0411203 -0.49342
16.806 -1.257 -1.099 0.426015 -0.109891 -0.0631188
3
16.889 0.141 -0.905 0.497705 -0.00936359 -0.496936
16.335 -0.337 -0.923 -0.0024898 0.0406545 -0.996441
16.943 1.037 -0.916 0.446515 -0.0574306 -0.594797
3
-16.845 -0.613 -0.746 -0.719073 -0.1696 0.348572
-16.848 -0.55 -0.97 -0.452634 0.0411203 -0.49342
-16.806 -1.257 -1.099 -0.426015 -0.109891 -0.0631188
3
-16.889 0.141 -0.905 -0.497722 -0.00921437 -0.498222
-16.848 -0.55 -0.97 -0.452634 0.0411203 -0.49342
-16.845 -0.613 -0.746 -0.719073 -0.1696 0.348572
6
-16.943 1.037 -0.916 -0.446528 -0.0573112 -0.595826
-16.889 0.141 -0.905 -0.497722 -0.00921437 -0.498222
-16.845 -0.613 -0.746 -0.719073 -0.1696 0.348572
-16.889 0.141 -0.586 -0.398093 -0.0952087 0.653997
-17.048 2.812 -0.556 -0.22615 0.0215337 0.745484
-17.098 3.644 -0.694 -0.398449 0.126087 0.455166
8
-17.037 2.623 -1.126 -0.400984 -0.0708466 -0.660907
-16.943 1.037 -0.916 -0.446528 -0.0573112 -0.595826
-17.098 3.644 -0.694 -0.398449 0.126087 0.455166
-17.12 4.021 -0.889 -0.101526 0.351294 0.490694
-17.124 4.084 -0.952 -0.0296205 0.488053 0.209572
-17.124 4.084 -1.017 -0.0427821 0.491528 -0.217137
-17.12 4.021 -1.08 -0.179055 0.282687 -0.539409
-17.105 3.77 -1.14 -0.320837 0.0541999 -0.656591
4
-6.253 -4.571 -0.535 0.0519193 0.078716 0.989432
-17.048 2.812 -0.556 -0.22615 0.0215337 0.745484
-16.335 -0.337 -0.586 -0.0975558 -0.112928 0.979511
-4.869 -10.225 -0.588 -0.097085 -0.112773 0.979624
4
-16.335 -1.091 -0.754 -0.300058 -0.335378 0.872986
-16.845 -0.613 -0.746 -0.719073 -0.1696 0.348572
-16.806 -1.257 -1.099 -0.426015 -0.109891 -0.0631188
-16.335 -1.728 -1.124 -0.231738 -0.242605 0.200117
4
-16.335 -0.337 -0.586 -0.0975558 -0.112928 0.979511
-16.889 0.141 -0.586 -0.398093 -0.0952087 0.653997
-16.845 -0.613 -0.746 -0.719073 -0.1696 0.348572
-16.335 -1.091 -0.754 -0.300058 -0.335378 0.872986
3
-16.335 -0.337 -0.586 -0.0975558 -0.112928 0.979511
-17.048 2.812 -0.556 -0.22615 0.0215337 0.745484
-16.889 0.141 -0.586 -0.398093 -0.0952087 0.653997
4
-6.68 -2.827 -0.786 0.201352 0.311151 0.911175
-17.098 3.644 -0.694 -0.398449 0.126087 0.455166
-17.048 2.812 -0.556 -0.22615 0.0215337 0.745484
-6.253 -4.571 -0.535 0.0519193 0.078716 0.989432
4
-6.88 -2.01 -1.156 0.346849 0.55619 0.738482
-17.12 4.021 -0.889 -0.101526 0.351294 0.490694
-17.098 3.644 -0.694 -0.398449 0.126087 0.455166
-6.68 -2.827 -0.786 0.201352 0.311151 0.911175
4
-6.911 -1.885 -1.268 0.454707 0.761328 0.316799
-17.124 4.084 -0.952 -0.0296205 0.488053 0.209572
-17.12 4.021 -0.889 -0.101526 0.351294 0.490694
-6.88 -2.01 -1.156 0.346849 0.55619 0.738482
4
-6.911 -1.885 -1.429 0.434965 0.76654 -0.323265
-17.124 4.084 -1.017 -0.0427821 0.491528 -0.217137
-17.124 4.084 -0.952 -0.0296205 0.488053 0.209572
-6.911 -1.885 -1.268 0.454707 0.761328 0.316799
4
-6.88 -2.01 -1.543 0.230556 0.453279 -0.806673
-17.12 4.021 -1.08 -0.179055 0.282687 -0.539409
-17.124 4.084 -1.017 -0.0427821 0.491528 -0.217137
-6.911 -1.885 -1.429 0.434965 0.76654 -0.323265
4
-6.746 -2.56 -1.663 -0.0334221 0.0977994 -0.98472
-17.105 3.77 -1.14 -0.320837 0.0541999 -0.656591
-17.12 4.021 -1.08 -0.179055 0.282687 -0.539409
-6.88 -2.01 -1.543 0.230556 0.453279 -0.806673
4
-6.153 -4.979 -1.66 -0.0627186 -0.0676856 -0.992843
-17.037 2.623 -1.126 -0.400984 -0.0708466 -0.660907
-17.105 3.77 -1.14 -0.320837 0.0541999 -0.656591
-6.746 -2.56 -1.663 -0.0334221 0.0977994 -0.98472
4
-5.331 -8.34 -1.308 -0.0696299 -0.0708701 -0.992351
-16.943 1.037 -0.916 -0.446528 -0.0573112 -0.595826
-17.037 2.623 -1.126 -0.400984 -0.0708466 -0.660907
-6.153 -4.979 -1.66 -0.0627186 -0.0676856 -0.992843
4
-4.869 -10.225 -1.3 -0.0265132 0.00172573 -0.996911
-16.335 -0.337 -0.923 0.00248981 0.0406545 -0.996441
-16.943 1.037 -0.916 -0.446528 -0.0573112 -0.595826
-5.331 -8.34 -1.308 -0.0696299 -0.0708701 -0.992351
4
-16.335 -1.028 -0.99 0.0928694 0.141204 -0.983641
-16.848 -0.55 -0.97 -0.452634 0.0411203 -0.49342
-16.889 0.141 -0.905 -0.497722 -0.00921437 -0.498222
-16.335 -0.337 -0.923 0.00248981 0.0406545 -0.996441
4
-16.335 -1.728 -1.124 -0.231738 -0.242605 0.200117
-16.806 -1.257 -1.099 -0.426015 -0.109891 -0.0631188
-16.848 -0.55 -0.97 -0.452634 0.0411203 -0.49342
-16.335 -1.028 -0.99 0.0928694 0.141204 -0.983641
3
-16.335 -0.337 -0.923 0.00248981 0.0406545 -0.996441
-16.889 0.141 -0.905 -0.497722 -0.00921437 -0.498222
-16.943 1.037 -0.916 -0.446528 -0.0573112 -0.595826
4
0.337 2.67 3.377 0.132767 -0.113139 0.975509
0.197 11.309 4.398 0.132767 -0.113139 0.975509
-0.197 11.309 4.398 -0.132767 -0.113139 0.975509
-0.337 2.67 3.377 -0.132767 -0.113139 0.975509
4
-0.718 2.67 3.272 -0.386918 -0.101078 0.907023
-0.337 2.67 3.377 -0.132767 -0.113139 0.975509
-0.197 11.309 4.398 -0.132767 -0.113139 0.975509
-0.589 11.35 4.294 -0.386918 -0.101078 0.907023
4
0.718 2.67 3.272 0.386918 -0.101078 0.907023
0.589 11.35 4.294 0.386918 -0.101078 0.907023
0.197 11.309 4.398 0.132767 -0.113139 0.975509
0.337 2.67 3.377 0.132767 -0.113139 0.975509
4
-1.092 2.67 3.049 -0.612218 -0.0824253 0.775197
-0.718 2.67 3.272 -0.386918 -0.101078 0.907023
-0.589 11.35 4.294 -0.386918 -0.101078 0.907023
-0.974 11.438 4.075 -0.612218 -0.0824253 0.775197
4
1.092 2.67 3.049 0.612218 -0.0824253 0.775197
0.974 11.438 4.075 0.612218 -0.0824253 0.775197
0.589 11.35 4.294 0.386918 -0.101078 0.907023
0.718 2.67 3.272 0.386918 -0.101078 0.907023
4
-1.407 2.67 2.725 -0.793006 -0.058876 0.592692
-1.092 2.67 3.049 -0.612218 -0.0824253 0.775197
-0.974 11.438 4.075 -0.612218 -0.0824253 0.775197
-1.298 11.566 3.754 -0.793006 -0.058876 0.592692
4
1.407 2.67 2.725 0.793006 -0.058876 0.592692
1.298 11.566 3.754 0.793006 -0.058876 0.592692
0.974 11.438 4.075 0.612218 -0.0824253 0.775197
1.092 2.67 3.049 0.612218 -0.0824253 0.775197
4
-1.571 2.67 2.435 -0.94556 -0.0217981 0.248635
-1.407 2.67 2.725 -0.793006 -0.058876 0.592692
-1.298 11.566 3.754 -0.793006 -0.058876 0.592692
-1.489 11.697 3.428 -0.918339 -0.0326972 0.372953
4
1.571 2.67 2.435 0.94556 -0.0217981 0.248635
1.489 11.697 3.428 0.918339 -0.0326972 0.372953
1.298 11.566 3.754 0.793006 -0.058876 0.592692
1.407 2.67 2.725 0.793006 -0.058876 0.592692
3
-1.571 11.818 3.126 -0.983401 -0.00962317 0.127399
-1.571 2.67 2.435 -0.94556 -0.0217981 0.248635
-1.489 11.697 3.428 -0.918339 -0.0326972 0.372953
3
1.571 2.67 2.435 0.94556 -0.0217981 0.248635
1.571 11.818 3.126 0.983401 -0.00962317 0.127399
1.489 11.697 3.428 0.918339 -0.0326972 0.372953
3
-1.571 12.094 2.435 -0.399932 0.371754 0.347635
-1.571 2.67 2.435 -0.94556 -0.0217981 0.248635
-1.571 11.818 3.126 -0.983401 -0.00962317 0.127399
3
1.571 2.67 2.435 0.94556 -0.0217981 0.248635
1.571 12.094 2.435 1 0 0
1.571 11.818 3.126 0.983401 -0.00962317 0.127399
4
0 33.298 0 0 0.378101 -0.709812
-0.157 33.298 0.145 -0.619294 0.412448 0.0122394
0 33.298 0.236 0 0.448494 0.701806
0.157 33.298 0.145 0.644331 0.413914 0.0988273
3
0.778 31.257 0.25 0.968332 0.24512 0
0.778 31.257 0.17 0.968332 0.24512 0
0.157 33.298 0.145 0.644331 0.413914 0.0988273
4
1.257 28.9 0.205 0.979968 0.199153 0
0.778 31.257 0.17 0.968332 0.24512 0
0.778 31.257 0.25 0.968332 0.24512 0
1.257 28.9 0.365 0.979968 0.199153 0
3
0 31.257 0.903 0 0.180082 0.628893
0 31.257 0.903 0 0.180082 0.628893
0 33.298 0.236 0 0.448494 0.701806
3
0 31.257 0.903 0 0.180082 0.628893
0.314 31.257 0.84 0.335536 0.270023 0.887814
0 33.298 0.236 0 0.448494 0.701806
3
-0.314 31.257 0.84 -0.335536 0.270023 0.887814
0 31.257 0.903 0 0.180082 0.628893
0 33.298 0.236 0 0.448494 0.701806
4
-0.589 31.257 0.681 -0.659466 0.261665 0.657329
-0.314 31.257 0.84 -0.335536 0.270023 0.887814
0 33.298 0.236 0 0.448494 0.701806
-0.157 33.298 0.145 -0.619294 0.412448 0.0122394
4
0.589 31.257 0.681 0.659466 0.261665 0.657329
0.157 33.298 0.145 0.644331 0.413914 0.0988273
0 33.298 0.236 0 0.448494 0.701806
0.314 31.257 0.84 0.335536 0.270023 0.887814
3
0.589 31.257 0.681 0.659466 0.261665 0.657329
0.778 31.257 0.353 0.90273 0.249263 0.241185
0.157 33.298 0.145 0.644331 0.413914 0.0988273
3
-0.778 31.257 0.353 -0.90273 0.249263 0.241185
-0.589 31.257 0.681 -0.659466 0.261665 0.657329
-0.157 33.298 0.145 -0.619294 0.412448 0.0122394
3
0.778 31.257 0.353 0.90273 0.249263 0.241185
0.778 31.257 0 0.921775 0.219548 -0.17794
0.157 33.298 0.145 0.644331 0.413914 0.0988273
3
-0.778 31.257 0 -0.89295 0.235233 -0.263337
-0.778 31.257 0.353 -0.90273 0.249263 0.241185
-0.157 33.298 0.145 -0.619294 0.412448 0.0122394
3
-0.606 31.257 -0.267 -0.694456 0.225058 -0.653045
-0.778 31.257 0 -0.89295 0.235233 -0.263337
-0.157 33.298 0.145 -0.619294 0.412448 0.0122394
4
0.33 31.257 -0.426 0.413072 0.211652 -0.862504
0 33.298 0 0 0.378101 -0.709812
0.157 33.298 0.145 0.644331 0.413914 0.0988273
0.606 31.257 -0.267 0.657116 0.205981 -0.69755
4
-0.33 31.257 -0.426 -0.413072 0.211652 -0.862504
-0.606 31.257 -0.267 -0.694456 0.225058 -0.653045
-0.157 33.298 0.145 -0.619294 0.412448 0.0122394
0 33.298 0 0 0.378101 -0.709812
3
0.33 31.257 -0.426 0.413072 0.211652 -0.862504
0.163 31.257 -0.471 0.1274 0.196599 -0.96299
0 33.298 0 0 0.378101 -0.709812
3
-0.163 31.257 -0.471 -0.1274 0.196599 -0.96299
-0.33 31.257 -0.426 -0.413072 0.211652 -0.862504
0 33.298 0 0 0.378101 -0.709812
3
0.163 31.257 -0.471 0.1274 0.196599 -0.96299
-0.163 31.257 -0.471 -0.1274 0.196599 -0.96299
0 33.298 0 0 0.378101 -0.709812
4
0.157 28.9 1.453 0.148616 0.179226 0.965529
0 31.257 0.903 0 0.180082 0.628893
0 31.257 0.903 0 0.180082 0.628893
-0.157 28.9 1.453 -0.148616 0.179226 0.965529
4
0.487 28.9 1.365 0.356817 0.193768 0.901459
0.314 31.257 0.84 0.335536 0.270023 0.887814
0 31.257 0.903 0 0.180082 0.628893
0.157 28.9 1.453 0.148616 0.179226 0.965529
4
-0.487 28.9 1.365 -0.356817 0.193768 0.901459
-0.157 28.9 1.453 -0.148616 0.179226 0.965529
0 31.257 0.903 0 0.180082 0.628893
-0.314 31.257 0.84 -0.335536 0.270023 0.887814
4
0.911 28.9 1.12 0.671084 0.187761 0.670101
0.589 31.257 0.681 0.659466 0.261665 0.657329
0.314 31.257 0.84 0.335536 0.270023 0.887814
0.487 28.9 1.365 0.356817 0.193768 0.901459
4
-0.911 28.9 1.12 -0.671084 0.187761 0.670101
-0.487 28.9 1.365 -0.356817 0.193768 0.901459
-0.314 31.257 0.84 -0.335536 0.270023 0.887814
-0.589 31.257 0.681 -0.659466 0.261665 0.657329
4
1.257 28.9 0.521 0.918906 0.170787 0.245615
0.778 31.257 0.353 0.90273 0.249263 0.241185
0.589 31.257 0.681 0.659466 0.261665 0.657329
0.911 28.9 1.12 0.671084 0.187761 0.670101
4
-1.257 28.9 0.521 -0.918906 0.170787 0.245615
-0.911 28.9 1.12 -0.671084 0.187761 0.670101
-0.589 31.257 0.681 -0.659466 0.261665 0.657329
-0.778 31.257 0.353 -0.90273 0.249263 0.241185
4
1.257 28.9 0 0.915499 0.148041 -0.258063
0.778 31.257 0 0.921775 0.219548 -0.17794
0.778 31.257 0.353 0.90273 0.249263 0.241185
1.257 28.9 0.521 0.918906 0.170787 0.245615
4
-1.257 28.9 0 -0.915499 0.148041 -0.258063
-1.257 28.9 0.521 -0.918906 0.170787 0.245615
-0.778 31.257 0.353 -0.90273 0.249263 0.241185
-0.778 31.257 0 -0.89295 0.235233 -0.263337
4
0.957 28.9 -0.518 0.669897 0.136118 -0.686881
0.606 31.257 -0.267 0.657116 0.205981 -0.69755
0.778 31.257 0 0.921775 0.219548 -0.17794
1.257 28.9 0 0.915499 0.148041 -0.258063
4
-0.957 28.9 -0.518 -0.669897 0.136118 -0.686881
-1.257 28.9 0 -0.915499 0.148041 -0.258063
-0.778 31.257 0 -0.89295 0.235233 -0.263337
-0.606 31.257 -0.267 -0.694456 0.225058 -0.653045
4
0.518 28.9 -0.772 0.376265 0.131173 -0.907511
0.33 31.257 -0.426 0.413072 0.211652 -0.862504
0.606 31.257 -0.267 0.657116 0.205981 -0.69755
0.957 28.9 -0.518 0.669897 0.136118 -0.686881
4
-0.518 28.9 -0.772 -0.376265 0.131173 -0.907511
-0.957 28.9 -0.518 -0.669897 0.136118 -0.686881
-0.606 31.257 -0.267 -0.694456 0.225058 -0.653045
-0.33 31.257 -0.426 -0.413072 0.211652 -0.862504
4
0.175 28.9 -0.864 0.128691 0.12693 -0.974268
0.163 31.257 -0.471 0.1274 0.196599 -0.96299
0.33 31.257 -0.426 0.413072 0.211652 -0.862504
0.518 28.9 -0.772 0.376265 0.131173 -0.907511
4
-0.175 28.9 -0.864 -0.128691 0.12693 -0.974268
-0.518 28.9 -0.772 -0.376265 0.131173 -0.907511
-0.33 31.257 -0.426 -0.413072 0.211652 -0.862504
-0.163 31.257 -0.471 -0.1274 0.196599 -0.96299
4
-0.175 28.9 -0.864 -0.128691 0.12693 -0.974268
-0.163 31.257 -0.471 -0.1274 0.196599 -0.96299
0.163 31.257 -0.471 0.1274 0.196599 -0.96299
0.175 28.9 -0.864 0.128691 0.12693 -0.974268
4
0.236 26.309 1.846 0.128123 0.125745 0.974887
0.157 28.9 1.453 0.148616 0.179226 0.965529
-0.157 28.9 1.453 -0.148616 0.179226 0.965529
-0.236 26.309 1.846 -0.128123 0.125745 0.974887
4
0.754 26.309 1.707 0.375889 0.129027 0.90795
0.487 28.9 1.365 0.356817 0.193768 0.901459
0.157 28.9 1.453 0.148616 0.179226 0.965529
0.236 26.309 1.846 0.128123 0.125745 0.974887
4
-0.754 26.309 1.707 -0.375889 0.129027 0.90795
-0.236 26.309 1.846 -0.128123 0.125745 0.974887
-0.157 28.9 1.453 -0.148616 0.179226 0.965529
-0.487 28.9 1.365 -0.356817 0.193768 0.901459
4
1.194 26.309 1.453 0.677192 0.127398 0.676981
0.911 28.9 1.12 0.671084 0.187761 0.670101
0.487 28.9 1.365 0.356817 0.193768 0.901459
0.754 26.309 1.707 0.375889 0.129027 0.90795
4
-1.194 26.309 1.453 -0.677192 0.127398 0.676981
-0.754 26.309 1.707 -0.375889 0.129027 0.90795
-0.487 28.9 1.365 -0.356817 0.193768 0.901459
-0.911 28.9 1.12 -0.671084 0.187761 0.670101
4
1.571 26.309 0.8 0.927256 0.105135 0.247986
1.257 28.9 0.521 0.918906 0.170787 0.245615
0.911 28.9 1.12 0.671084 0.187761 0.670101
1.194 26.309 1.453 0.677192 0.127398 0.676981
4
-1.571 26.309 0.8 -0.927256 0.105135 0.247986
-1.194 26.309 1.453 -0.677192 0.127398 0.676981
-0.911 28.9 1.12 -0.671084 0.187761 0.670101
-1.257 28.9 0.521 -0.918906 0.170787 0.245615
4
1.571 26.309 0 0.934592 0.0918756 -0.238137
1.257 28.9 0 0.915499 0.148041 -0.258063
1.257 28.9 0.521 0.918906 0.170787 0.245615
1.571 26.309 0.8 0.927256 0.105135 0.247986
4
-1.571 26.309 0 -0.934592 0.0918756 -0.238137
-1.571 26.309 0.8 -0.927256 0.105135 0.247986
-1.257 28.9 0.521 -0.918906 0.170787 0.245615
-1.257 28.9 0 -0.915499 0.148041 -0.258063
4
1.217 26.309 -0.691 0.68574 0.0950561 -0.669171
0.957 28.9 -0.518 0.669897 0.136118 -0.686881
1.257 28.9 0 0.915499 0.148041 -0.258063
1.571 26.309 0 0.934592 0.0918756 -0.238137
4
-1.217 26.309 -0.691 -0.68574 0.0950561 -0.669171
-1.571 26.309 0 -0.934592 0.0918756 -0.238137
-1.257 28.9 0 -0.915499 0.148041 -0.258063
-0.957 28.9 -0.518 -0.669897 0.136118 -0.686881
4
0.754 26.309 -0.958 0.378049 0.0865267 -0.91239
0.518 28.9 -0.772 0.376265 0.131173 -0.907511
0.957 28.9 -0.518 0.669897 0.136118 -0.686881
1.217 26.309 -0.691 0.68574 0.0950561 -0.669171
4
-0.754 26.309 -0.958 -0.378049 0.0865267 -0.91239
-1.217 26.309 -0.691 -0.68574 0.0950561 -0.669171
-0.957 28.9 -0.518 -0.669897 0.136118 -0.686881
-0.518 28.9 -0.772 -0.376265 0.131173 -0.907511
4
0.228 26.309 -1.099 0.129071 0.0758934 -0.979977
0.175 28.9 -0.864 0.128691 0.12693 -0.974268
0.518 28.9 -0.772 0.376265 0.131173 -0.907511
0.754 26.309 -0.958 0.378049 0.0865267 -0.91239
4
-0.228 26.309 -1.099 -0.129071 0.0758934 -0.979977
-0.754 26.309 -0.958 -0.378049 0.0865267 -0.91239
-0.518 28.9 -0.772 -0.376265 0.131173 -0.907511
-0.175 28.9 -0.864 -0.128691 0.12693 -0.974268
4
-0.228 26.309 -1.099 -0.129071 0.0758934 -0.979977
-0.175 28.9 -0.864 -0.128691 0.12693 -0.974268
0.175 28.9 -0.864 0.128691 0.12693 -0.974268
0.228 26.309 -1.099 0.129071 0.0758934 -0.979977
4
-0.346 20.419 2.435 -0.12751 0.108136 0.97384
0.346 20.419 2.435 0.12751 0.108136 0.97384
0.236 26.309 1.846 0.128123 0.125745 0.974887
-0.236 26.309 1.846 -0.128123 0.125745 0.974887
4
0.942 20.419 2.275 0.355975 0.162143 0.910637
0.754 26.309 1.707 0.375889 0.129027 0.90795
0.236 26.309 1.846 0.128123 0.125745 0.974887
0.346 20.419 2.435 0.12751 0.108136 0.97384
4
-0.942 20.419 2.275 -0.355975 0.162143 0.910637
-0.346 20.419 2.435 -0.12751 0.108136 0.97384
-0.236 26.309 1.846 -0.128123 0.125745 0.974887
-0.754 26.309 1.707 -0.375889 0.129027 0.90795
4
1.531 20.419 1.935 0.637413 0.132803 0.721439
1.194 26.309 1.453 0.677192 0.127398 0.676981
0.754 26.309 1.707 0.375889 0.129027 0.90795
0.942 20.419 2.275 0.355975 0.162143 0.910637
4
-1.531 20.419 1.935 -0.637413 0.132803 0.721439
-0.942 20.419 2.275 -0.355975 0.162143 0.910637
-0.754 26.309 1.707 -0.375889 0.129027 0.90795
-1.194 26.309 1.453 -0.677192 0.127398 0.676981
4
1.885 20.419 1.322 0.914504 0.0628674 0.320389
1.571 26.309 0.8 0.927256 0.105135 0.247986
1.194 26.309 1.453 0.677192 0.127398 0.676981
1.531 20.419 1.935 0.637413 0.132803 0.721439
4
-1.885 20.419 1.322 -0.914504 0.0628674 0.320389
-1.531 20.419 1.935 -0.637413 0.132803 0.721439
-1.194 26.309 1.453 -0.677192 0.127398 0.676981
-1.571 26.309 0.8 -0.927256 0.105135 0.247986
4
1.885 20.419 -0.55 0.937755 0.0380225 -0.238511
1.571 26.309 0 0.934592 0.0918756 -0.238137
1.571 26.309 0.8 0.927256 0.105135 0.247986
1.885 20.419 1.322 0.914504 0.0628674 0.320389
4
-1.885 20.419 -0.55 -0.937755 0.0380225 -0.238511
-1.885 20.419 1.322 -0.914504 0.0628674 0.320389
-1.571 26.309 0.8 -0.927256 0.105135 0.247986
-1.571 26.309 0 -0.934592 0.0918756 -0.238137
4
1.631 20.419 -0.99 0.687316 0.0494626 -0.671024
1.217 26.309 -0.691 0.68574 0.0950561 -0.669171
1.571 26.309 0 0.934592 0.0918756 -0.238137
1.885 20.419 -0.55 0.937755 0.0380225 -0.238511
4
-1.631 20.419 -0.99 -0.687316 0.0494626 -0.671024
-1.885 20.419 -0.55 -0.937755 0.0380225 -0.238511
-1.571 26.309 0 -0.934592 0.0918756 -0.238137
-1.217 26.309 -0.691 -0.68574 0.0950561 -0.669171
4
1.162 20.419 -1.26 0.378659 0.0475496 -0.914804
0.754 26.309 -0.958 0.378049 0.0865267 -0.91239
1.217 26.309 -0.691 0.68574 0.0950561 -0.669171
1.631 20.419 -0.99 0.687316 0.0494626 -0.671024
4
-1.162 20.419 -1.26 -0.378659 0.0475496 -0.914804
-1.631 20.419 -0.99 -0.687316 0.0494626 -0.671024
-1.217 26.309 -0.691 -0.68574 0.0950561 -0.669171
-0.754 26.309 -0.958 -0.378049 0.0865267 -0.91239
4
0.589 20.419 -1.414 0.129452 0.040749 -0.981892
0.228 26.309 -1.099 0.129071 0.0758934 -0.979977
0.754 26.309 -0.958 0.378049 0.0865267 -0.91239
1.162 20.419 -1.26 0.378659 0.0475496 -0.914804
4
-0.589 20.419 -1.414 -0.129452 0.040749 -0.981892
-1.162 20.419 -1.26 -0.378659 0.0475496 -0.914804
-0.754 26.309 -0.958 -0.378049 0.0865267 -0.91239
-0.228 26.309 -1.099 -0.129071 0.0758934 -0.979977
4
-0.589 20.419 -1.414 -0.129452 0.040749 -0.981892
-0.228 26.309 -1.099 -0.129071 0.0758934 -0.979977
0.228 26.309 -1.099 0.129071 0.0758934 -0.979977
0.589 20.419 -1.414 0.129452 0.040749 -0.981892
3
-1.885 16.178 1.89 -0.927875 0.0112136 0.283414
-1.571 16.178 2.435 -0.288826 0 0.499739
-1.571 17.185 2.435 -0.765064 0.0416871 0.447211
3
1.571 16.178 2.435 0.288826 0 0.499739
1.885 16.178 1.89 0.927875 0.0112136 0.283414
1.571 17.185 2.435 0.765064 0.0416871 0.447211
3
1.571 17.185 2.435 0.765064 0.0416871 0.447211
1.885 16.178 1.89 0.927875 0.0112136 0.283414
1.885 20.419 1.322 0.914504 0.0628674 0.320389
3
-1.885 16.178 1.89 -0.927875 0.0112136 0.283414
-1.571 17.185 2.435 -0.765064 0.0416871 0.447211
-1.885 20.419 1.322 -0.914504 0.0628674 0.320389
4
1.885 16.178 -0.628 0.932978 0.0056083 -0.249995
1.885 20.419 -0.55 0.937755 0.0380225 -0.238511
1.885 20.419 1.322 0.914504 0.0628674 0.320389
1.885 16.178 1.89 0.927875 0.0112136 0.283414
4
-1.885 16.178 -0.628 -0.932978 0.0056083 -0.249995
-1.885 16.178 1.89 -0.927875 0.0112136 0.283414
-1.885 20.419 1.322 -0.914504 0.0628674 0.320389
-1.885 20.419 -0.55 -0.937755 0.0380225 -0.238511
4
1.613 16.178 -1.099 0.682991 0.0155904 -0.682884
1.631 20.419 -0.99 0.687316 0.0494626 -0.671024
1.885 20.419 -0.55 0.937755 0.0380225 -0.238511
1.885 16.178 -0.628 0.932978 0.0056083 -0.249995
4
-1.613 16.178 -1.099 -0.682991 0.0155904 -0.682884
-1.885 16.178 -0.628 -0.932978 0.0056083 -0.249995
-1.885 20.419 -0.55 -0.937755 0.0380225 -0.238511
-1.631 20.419 -0.99 -0.687316 0.0494626 -0.671024
4
1.147 16.178 -1.369 0.379315 0.0214592 -0.915745
1.162 20.419 -1.26 0.378659 0.0475496 -0.914804
1.631 20.419 -0.99 0.687316 0.0494626 -0.671024
1.613 16.178 -1.099 0.682991 0.0155904 -0.682884
4
-1.147 16.178 -1.369 -0.379315 0.0214592 -0.915745
-1.613 16.178 -1.099 -0.682991 0.0155904 -0.682884
-1.631 20.419 -0.99 -0.687316 0.0494626 -0.671024
-1.162 20.419 -1.26 -0.378659 0.0475496 -0.914804
4
0.686 16.178 -1.492 0.129302 0.0226906 -0.982725
0.589 20.419 -1.414 0.129452 0.040749 -0.981892
1.162 20.419 -1.26 0.378659 0.0475496 -0.914804
1.147 16.178 -1.369 0.379315 0.0214592 -0.915745
4
-0.686 16.178 -1.492 -0.129302 0.0226906 -0.982725
-1.147 16.178 -1.369 -0.379315 0.0214592 -0.915745
-1.162 20.419 -1.26 -0.378659 0.0475496 -0.914804
-0.589 20.419 -1.414 -0.129452 0.040749 -0.981892
4
-0.686 16.178 -1.492 -0.129302 0.0226906 -0.982725
-0.589 20.419 -1.414 -0.129452 0.040749 -0.981892
0.589 20.419 -1.414 0.129452 0.040749 -0.981892
0.686 16.178 -1.492 0.129302 0.0226906 -0.982725
3
-0.589 20.155 2.435 -0.207786 0.185145 0.933321
-0.196 20.419 2.435 -0.0602725 0.182175 0.957703
-0.346 20.419 2.435 -0.12751 0.108136 0.97384
3
0.196 20.419 2.435 0.0602725 0.182175 0.957703
0.589 20.155 2.435 0.207786 0.185145 0.933321
0.346 20.419 2.435 0.12751 0.108136 0.97384
3
-0.942 20.419 2.275 -0.355975 0.162143 0.910637
-0.589 20.155 2.435 -0.207786 0.185145 0.933321
-0.346 20.419 2.435 -0.12751 0.108136 0.97384
3
0.589 20.155 2.435 0.207786 0.185145 0.933321
0.942 20.419 2.275 0.355975 0.162143 0.910637
0.346 20.419 2.435 0.12751 0.108136 0.97384
3
-0.974 19.597 2.435 -0.401522 0.194589 0.85739
-0.589 20.155 2.435 -0.207786 0.185145 0.933321
-0.942 20.419 2.275 -0.355975 0.162143 0.910637
3
0.589 20.155 2.435 0.207786 0.185145 0.933321
0.974 19.597 2.435 0.401522 0.194589 0.85739
0.942 20.419 2.275 0.355975 0.162143 0.910637
3
-1.531 20.419 1.935 -0.637413 0.132803 0.721439
-0.974 19.597 2.435 -0.401522 0.194589 0.85739
-0.942 20.419 2.275 -0.355975 0.162143 0.910637
3
0.974 19.597 2.435 0.401522 0.194589 0.85739
1.531 20.419 1.935 0.637413 0.132803 0.721439
0.942 20.419 2.275 0.355975 0.162143 0.910637
3
-1.298 18.782 2.435 -0.440035 0.13382 0.798536
-0.974 19.597 2.435 -0.401522 0.194589 0.85739
-1.531 20.419 1.935 -0.637413 0.132803 0.721439
3
0.974 19.597 2.435 0.401522 0.194589 0.85739
1.298 18.782 2.435 0.440035 0.13382 0.798536
1.531 20.419 1.935 0.637413 0.132803 0.721439
3
-1.489 17.953 2.435 -0.692677 0.103401 0.586743
-1.298 18.782 2.435 -0.440035 0.13382 0.798536
-1.531 20.419 1.935 -0.637413 0.132803 0.721439
3
1.298 18.782 2.435 0.440035 0.13382 0.798536
1.489 17.953 2.435 0.692677 0.103401 0.586743
1.531 20.419 1.935 0.637413 0.132803 0.721439
3
-1.885 20.419 1.322 -0.914504 0.0628674 0.320389
-1.489 17.953 2.435 -0.692677 0.103401 0.586743
-1.531 20.419 1.935 -0.637413 0.132803 0.721439
3
1.489 17.953 2.435 0.692677 0.103401 0.586743
1.885 20.419 1.322 0.914504 0.0628674 0.320389
1.531 20.419 1.935 0.637413 0.132803 0.721439
3
-1.571 17.185 2.435 -0.765064 0.0416871 0.447211
-1.489 17.953 2.435 -0.692677 0.103401 0.586743
-1.885 20.419 1.322 -0.914504 0.0628674 0.320389
3
1.489 17.953 2.435 0.692677 0.103401 0.586743
1.571 17.185 2.435 0.765064 0.0416871 0.447211
1.885 20.419 1.322 0.914504 0.0628674 0.320389
4
1.885 13.194 1.89 0.933127 -0.00745582 0.249609
1.885 16.178 1.89 0.927875 0.0112136 0.283414
1.571 16.178 2.435 0.288826 0 0.499739
1.571 13.194 2.435 0.866477 0 0.499218
4
-1.885 13.194 1.89 -0.933127 -0.00745582 0.249609
-1.571 13.194 2.435 -0.866477 0 0.499218
-1.571 16.178 2.435 -0.288826 0 0.499739
-1.885 16.178 1.89 -0.927875 0.0112136 0.283414
4
1.885 13.194 -0.707 0.932507 0.00898103 -0.249949
1.885 16.178 -0.628 0.932978 0.0056083 -0.249995
1.885 16.178 1.89 0.927875 0.0112136 0.283414
1.885 13.194 1.89 0.933127 -0.00745582 0.249609
4
-1.885 13.194 -0.707 -0.932507 0.00898103 -0.249949
-1.885 13.194 1.89 -0.933127 -0.00745582 0.249609
-1.885 16.178 1.89 -0.927875 0.0112136 0.283414
-1.885 16.178 -0.628 -0.932978 0.0056083 -0.249995
4
1.622 13.194 -1.162 0.682615 0.0452115 -0.681592
1.613 16.178 -1.099 0.682991 0.0155904 -0.682884
1.885 16.178 -0.628 0.932978 0.0056083 -0.249995
1.885 13.194 -0.707 0.932507 0.00898103 -0.249949
4
-1.622 13.194 -1.162 -0.682615 0.0452115 -0.681592
-1.885 13.194 -0.707 -0.932507 0.00898103 -0.249949
-1.885 16.178 -0.628 -0.932978 0.0056083 -0.249995
-1.613 16.178 -1.099 -0.682991 0.0155904 -0.682884
4
1.147 13.194 -1.437 0.378857 0.0578664 -0.913536
1.147 16.178 -1.369 0.379315 0.0214592 -0.915745
1.613 16.178 -1.099 0.682991 0.0155904 -0.682884
1.622 13.194 -1.162 0.682615 0.0452115 -0.681592
4
-1.147 13.194 -1.437 -0.378857 0.0578664 -0.913536
-1.622 13.194 -1.162 -0.682615 0.0452115 -0.681592
-1.613 16.178 -1.099 -0.682991 0.0155904 -0.682884
-1.147 16.178 -1.369 -0.379315 0.0214592 -0.915745
4
0.647 13.194 -1.571 0.12886 0.0543042 -0.981112
0.686 16.178 -1.492 0.129302 0.0226906 -0.982725
1.147 16.178 -1.369 0.379315 0.0214592 -0.915745
1.147 13.194 -1.437 0.378857 0.0578664 -0.913536
4
-0.647 13.194 -1.571 -0.12886 0.0543042 -0.981112
-1.147 13.194 -1.437 -0.378857 0.0578664 -0.913536
-1.147 16.178 -1.369 -0.379315 0.0214592 -0.915745
-0.686 16.178 -1.492 -0.129302 0.0226906 -0.982725
4
0.647 13.194 -1.571 0.12886 0.0543042 -0.981112
-0.647 13.194 -1.571 -0.12886 0.0543042 -0.981112
-0.686 16.178 -1.492 -0.129302 0.0226906 -0.982725
0.686 16.178 -1.492 0.129302 0.0226906 -0.982725
3
1.571 2.67 2.435 0.547162 0.046211 0.590635
1.885 13.194 1.89 0.933127 -0.00745582 0.249609
1.571 13.194 2.435 0.866477 0 0.499218
3
-1.885 13.194 1.89 -0.933127 -0.00745582 0.249609
-1.571 2.67 2.435 -0.547162 0.046211 0.590635
-1.571 13.194 2.435 -0.866477 0 0.499218
4
1.571 2.67 -2.356 0.327575 0.0834069 -0.785173
1.885 13.194 -0.707 0.932507 0.00898103 -0.249949
1.885 13.194 1.89 0.933127 -0.00745582 0.249609
1.571 2.67 2.435 0.547162 0.046211 0.590635
4
-1.571 2.67 -2.356 -0.327575 0.0834069 -0.785173
-1.571 2.67 2.435 -0.547162 0.046211 0.590635
-1.885 13.194 1.89 -0.933127 -0.00745582 0.249609
-1.885 13.194 -0.707 -0.932507 0.00898103 -0.249949
3
1.571 2.67 -2.356 0.327575 0.0834069 -0.785173
1.622 13.194 -1.162 0.682615 0.0452115 -0.681592
1.885 13.194 -0.707 0.932507 0.00898103 -0.249949
3
-1.622 13.194 -1.162 -0.682615 0.0452115 -0.681592
-1.571 2.67 -2.356 -0.327575 0.0834069 -0.785173
-1.885 13.194 -0.707 -0.932507 0.00898103 -0.249949
3
1.571 2.67 -2.356 0.327575 0.0834069 -0.785173
1.147 13.194 -1.437 0.378857 0.0578664 -0.913536
1.622 13.194 -1.162 0.682615 0.0452115 -0.681592
3
-1.147 13.194 -1.437 -0.378857 0.0578664 -0.913536
-1.571 2.67 -2.356 -0.327575 0.0834069 -0.785173
-1.622 13.194 -1.162 -0.682615 0.0452115 -0.681592
3
1.571 2.67 -2.356 0.327575 0.0834069 -0.785173
0.647 13.194 -1.571 0.12886 0.0543042 -0.981112
1.147 13.194 -1.437 0.378857 0.0578664 -0.913536
3
-0.647 13.194 -1.571 -0.12886 0.0543042 -0.981112
-1.571 2.67 -2.356 -0.327575 0.0834069 -0.785173
-1.147 13.194 -1.437 -0.378857 0.0578664 -0.913536
4
-1.571 2.67 -2.356 -0.327575 0.0834069 -0.785173
-0.647 13.194 -1.571 -0.12886 0.0543042 -0.981112
0.647 13.194 -1.571 0.12886 0.0543042 -0.981112
1.571 2.67 -2.356 0.327575 0.0834069 -0.785173
4
2.519 0 2.512 0.209112 -0.0222435 0.947574
2.513 2.67 2.435 -0.337413 0.071973 0.760821
1.571 2.67 2.435 0.547162 0.046211 0.590635
1.407 0 2.512 0.460007 -0.0184184 0.77667
4
0.337 0 3.164 0.133137 -0.0698498 0.979415
0.337 2.67 3.377 0.132452 -0.0781022 0.979027
-0.337 2.67 3.377 -0.132452 -0.0781022 0.979027
-0.337 0 3.164 -0.133137 -0.0698498 0.979415
4
-0.718 0 3.058 -0.388726 -0.0628278 0.909464
-0.337 0 3.164 -0.133137 -0.0698498 0.979415
-0.337 2.67 3.377 -0.132452 -0.0781022 0.979027
-0.718 2.67 3.272 -0.387912 -0.0726802 0.909051
4
0.718 0 3.058 0.388726 -0.0628278 0.909464
0.718 2.67 3.272 0.387912 -0.0726802 0.909051
0.337 2.67 3.377 0.132452 -0.0781022 0.979027
0.337 0 3.164 0.133137 -0.0698498 0.979415
4
-1.092 0 2.835 -0.613152 -0.0605366 0.776824
-0.718 0 3.058 -0.388726 -0.0628278 0.909464
-0.718 2.67 3.272 -0.387912 -0.0726802 0.909051
-1.092 2.67 3.049 -0.6134 -0.0622312 0.776436
4
1.092 0 2.835 0.613152 -0.0605366 0.776824
1.092 2.67 3.049 0.6134 -0.0622312 0.776436
0.718 2.67 3.272 0.387912 -0.0726802 0.909051
0.718 0 3.058 0.388726 -0.0628278 0.909464
4
-1.407 0 2.512 -0.460007 -0.0184184 0.77667
-1.092 0 2.835 -0.613152 -0.0605366 0.776824
-1.092 2.67 3.049 -0.6134 -0.0622312 0.776436
-1.407 2.67 2.725 -0.79283 -0.0475116 0.593934
4
1.407 0 2.512 0.460007 -0.0184184 0.77667
1.407 2.67 2.725 0.79283 -0.0475116 0.593934
1.092 2.67 3.049 0.6134 -0.0622312 0.776436
1.092 0 2.835 0.613152 -0.0605366 0.776824
3
-1.571 2.67 2.435 -0.547162 0.046211 0.590635
-1.407 0 2.512 -0.460007 -0.0184184 0.77667
-1.407 2.67 2.725 -0.79283 -0.0475116 0.593934
3
1.407 0 2.512 0.460007 -0.0184184 0.77667
1.571 2.67 2.435 0.547162 0.046211 0.590635
1.407 2.67 2.725 0.79283 -0.0475116 0.593934
4
-2.519 0 2.512 -0.209112 -0.0222435 0.947574
-1.407 0 2.512 -0.460007 -0.0184184 0.77667
-1.571 2.67 2.435 -0.547162 0.046211 0.590635
-2.513 2.67 2.435 0.337413 0.071973 0.760821
3
2.519 0 2.512 0.209112 -0.0222435 0.947574
3.377 2.67 2.435 0.247156 -0.0144731 0.931598
2.513 2.67 2.435 -0.337413 0.071973 0.760821
3
-3.377 2.67 2.435 -0.247156 -0.0144731 0.931598
-2.519 0 2.512 -0.209112 -0.0222435 0.947574
-2.513 2.67 2.435 0.337413 0.071973 0.760821
4
3.069 0 2.194 0.675439 -0.130792 0.67684
3.73 2.67 2.231 0.675744 -0.0913135 0.67781
3.377 2.67 2.435 0.247156 -0.0144731 0.931598
2.519 0 2.512 0.209112 -0.0222435 0.947574
4
-3.069 0 2.194 -0.675439 -0.130792 0.67684
-2.519 0 2.512 -0.209112 -0.0222435 0.947574
-3.377 2.67 2.435 -0.247156 -0.0144731 0.931598
-3.73 2.67 2.231 -0.675744 -0.0913135 0.67781
4
3.306 0 1.785 0.920221 -0.15687 0.246398
3.848 2.67 2.026 0.923591 -0.106813 0.245792
3.73 2.67 2.231 0.675744 -0.0913135 0.67781
3.069 0 2.194 0.675439 -0.130792 0.67684
4
-3.306 0 1.785 -0.920221 -0.15687 0.246398
-3.069 0 2.194 -0.675439 -0.130792 0.67684
-3.73 2.67 2.231 -0.675744 -0.0913135 0.67781
-3.848 2.67 2.026 -0.923591 -0.106813 0.245792
4
3.306 0 -1.895 0.970753 -0.149622 -0.128757
3.848 2.67 -1.806 0.930565 -0.101329 -0.250832
3.848 2.67 2.026 0.923591 -0.106813 0.245792
3.306 0 1.785 0.920221 -0.15687 0.246398
4
-3.306 0 -1.895 -0.970753 -0.149622 -0.128757
-3.306 0 1.785 -0.920221 -0.15687 0.246398
-3.848 2.67 2.026 -0.923591 -0.106813 0.245792
-3.848 2.67 -1.806 -0.930565 -0.101329 -0.250832
3
3.306 0 -1.895 0.970753 -0.149622 -0.128757
3.221 0 -2.21 0.834885 -0.124837 -0.483602
3.848 2.67 -1.806 0.930565 -0.101329 -0.250832
3
-3.221 0 -2.21 -0.834885 -0.124837 -0.483602
-3.306 0 -1.895 -0.970753 -0.149622 -0.128757
-3.848 2.67 -1.806 -0.930565 -0.101329 -0.250832
3
3.221 0 -2.21 0.834885 -0.124837 -0.483602
3.621 2.67 -2.199 0.613647 -0.0443874 -0.732282
3.848 2.67 -1.806 0.930565 -0.101329 -0.250832
3
-3.621 2.67 -2.199 -0.613647 -0.0443874 -0.732282
-3.221 0 -2.21 -0.834885 -0.124837 -0.483602
-3.848 2.67 -1.806 -0.930565 -0.101329 -0.250832
3
3.221 0 -2.21 0.834885 -0.124837 -0.483602
3.064 0 -2.367 0.481036 -0.0596473 -0.834467
3.621 2.67 -2.199 0.613647 -0.0443874 -0.732282
3
-3.064 0 -2.367 -0.481036 -0.0596473 -0.834467
-3.221 0 -2.21 -0.834885 -0.124837 -0.483602
-3.621 2.67 -2.199 -0.613647 -0.0443874 -0.732282
3
3.064 0 -2.367 0.481036 -0.0596473 -0.834467
2.519 0 -2.513 0.144929 0.00725491 -0.969594
3.621 2.67 -2.199 0.613647 -0.0443874 -0.732282
3
-2.519 0 -2.513 -0.144929 0.00725491 -0.969594
-3.064 0 -2.367 -0.481036 -0.0596473 -0.834467
-3.621 2.67 -2.199 -0.613647 -0.0443874 -0.732282
3
2.519 0 -2.513 0.144929 0.00725491 -0.969594
3.349 2.67 -2.356 0.248972 0.0339434 -0.929212
3.621 2.67 -2.199 0.613647 -0.0443874 -0.732282
3
-3.349 2.67 -2.356 -0.248972 0.0339434 -0.929212
-2.519 0 -2.513 -0.144929 0.00725491 -0.969594
-3.621 2.67 -2.199 -0.613647 -0.0443874 -0.732282
3
2.519 0 -2.513 0.144929 0.00725491 -0.969594
2.513 2.67 -2.356 -0.336149 0.104207 -0.758551
3.349 2.67 -2.356 0.248972 0.0339434 -0.929212
3
-2.513 2.67 -2.356 0.336149 0.104207 -0.758551
-2.519 0 -2.513 -0.144929 0.00725491 -0.969594
-3.349 2.67 -2.356 -0.248972 0.0339434 -0.929212
3
2.519 0 -2.513 0.144929 0.00725491 -0.969594
1.571 2.67 -2.356 0.327575 0.0834069 -0.785173
2.513 2.67 -2.356 -0.336149 0.104207 -0.758551
3
-1.571 2.67 -2.356 -0.327575 0.0834069 -0.785173
-2.519 0 -2.513 -0.144929 0.00725491 -0.969594
-2.513 2.67 -2.356 0.336149 0.104207 -0.758551
4
-2.519 0 -2.513 -0.144929 0.00725491 -0.969594
-1.571 2.67 -2.356 -0.327575 0.0834069 -0.785173
1.571 2.67 -2.356 0.327575 0.0834069 -0.785173
2.519 0 -2.513 0.144929 0.00725491 -0.969594
4
0.942 -5.969 2.749 0.12964 -0.0207358 0.982021
2.519 0 2.512 0.209112 -0.0222435 0.947574
1.407 0 2.512 0.460007 -0.0184184 0.77667
0.628 -5.969 2.749 0.213351 -0.0395137 0.93026
4
0.628 -5.969 2.749 0.213351 -0.0395137 0.93026
0.337 0 3.164 0.133137 -0.0698498 0.979415
-0.337 0 3.164 -0.133137 -0.0698498 0.979415
-0.628 -5.969 2.749 -0.213351 -0.0395137 0.93026
3
-0.718 0 3.058 -0.388726 -0.0628278 0.909464
-0.628 -5.969 2.749 -0.213351 -0.0395137 0.93026
-0.337 0 3.164 -0.133137 -0.0698498 0.979415
3
0.628 -5.969 2.749 0.213351 -0.0395137 0.93026
0.718 0 3.058 0.388726 -0.0628278 0.909464
0.337 0 3.164 0.133137 -0.0698498 0.979415
3
-1.092 0 2.835 -0.613152 -0.0605366 0.776824
-0.628 -5.969 2.749 -0.213351 -0.0395137 0.93026
-0.718 0 3.058 -0.388726 -0.0628278 0.909464
3
0.628 -5.969 2.749 0.213351 -0.0395137 0.93026
1.092 0 2.835 0.613152 -0.0605366 0.776824
0.718 0 3.058 0.388726 -0.0628278 0.909464
3
-1.407 0 2.512 -0.460007 -0.0184184 0.77667
-0.628 -5.969 2.749 -0.213351 -0.0395137 0.93026
-1.092 0 2.835 -0.613152 -0.0605366 0.776824
3
0.628 -5.969 2.749 0.213351 -0.0395137 0.93026
1.407 0 2.512 0.460007 -0.0184184 0.77667
1.092 0 2.835 0.613152 -0.0605366 0.776824
4
-0.942 -5.969 2.749 -0.12964 -0.0207358 0.982021
-0.628 -5.969 2.749 -0.213351 -0.0395137 0.93026
-1.407 0 2.512 -0.460007 -0.0184184 0.77667
-2.519 0 2.512 -0.209112 -0.0222435 0.947574
3
0.942 -5.969 2.749 0.12964 -0.0207358 0.982021
1.649 -5.969 2.559 0.379212 -0.0534435 0.914455
2.519 0 2.512 0.209112 -0.0222435 0.947574
3
-1.649 -5.969 2.559 -0.379212 -0.0534435 0.914455
-0.942 -5.969 2.749 -0.12964 -0.0207358 0.982021
-2.519 0 2.512 -0.209112 -0.0222435 0.947574
4
2.356 -5.969 2.151 0.680699 -0.0753481 0.681394
3.069 0 2.194 0.675439 -0.130792 0.67684
2.519 0 2.512 0.209112 -0.0222435 0.947574
1.649 -5.969 2.559 0.379212 -0.0534435 0.914455
4
-2.356 -5.969 2.151 -0.680699 -0.0753481 0.681394
-1.649 -5.969 2.559 -0.379212 -0.0534435 0.914455
-2.519 0 2.512 -0.209112 -0.0222435 0.947574
-3.069 0 2.194 -0.675439 -0.130792 0.67684
4
2.67 -5.969 1.607 0.929441 -0.0814128 0.249334
3.306 0 1.785 0.920221 -0.15687 0.246398
3.069 0 2.194 0.675439 -0.130792 0.67684
2.356 -5.969 2.151 0.680699 -0.0753481 0.681394
4
-2.67 -5.969 1.607 -0.929441 -0.0814128 0.249334
-2.356 -5.969 2.151 -0.680699 -0.0753481 0.681394
-3.069 0 2.194 -0.675439 -0.130792 0.67684
-3.306 0 1.785 -0.920221 -0.15687 0.246398
4
2.67 -5.969 -1.728 0.979334 -0.0794736 -0.129375
3.306 0 -1.895 0.970753 -0.149622 -0.128757
3.306 0 1.785 0.920221 -0.15687 0.246398
2.67 -5.969 1.607 0.929441 -0.0814128 0.249334
4
-2.67 -5.969 -1.728 -0.979334 -0.0794736 -0.129375
-2.67 -5.969 1.607 -0.929441 -0.0814128 0.249334
-3.306 0 1.785 -0.920221 -0.15687 0.246398
-3.306 0 -1.895 -0.970753 -0.149622 -0.128757
4
2.607 -5.969 -1.963 0.833392 -0.0803253 -0.481748
3.221 0 -2.21 0.834885 -0.124837 -0.483602
3.306 0 -1.895 0.970753 -0.149622 -0.128757
2.67 -5.969 -1.728 0.979334 -0.0794736 -0.129375
4
-2.607 -5.969 -1.963 -0.833392 -0.0803253 -0.481748
-2.67 -5.969 -1.728 -0.979334 -0.0794736 -0.129375
-3.306 0 -1.895 -0.970753 -0.149622 -0.128757
-3.221 0 -2.21 -0.834885 -0.124837 -0.483602
4
2.238 -5.969 -2.332 0.481792 -0.0608128 -0.834845
3.064 0 -2.367 0.481036 -0.0596473 -0.834467
3.221 0 -2.21 0.834885 -0.124837 -0.483602
2.607 -5.969 -1.963 0.833392 -0.0803253 -0.481748
4
-2.238 -5.969 -2.332 -0.481792 -0.0608128 -0.834845
-2.607 -5.969 -1.963 -0.833392 -0.0803253 -0.481748
-3.221 0 -2.21 -0.834885 -0.124837 -0.483602
-3.064 0 -2.367 -0.481036 -0.0596473 -0.834467
4
1.27 -5.969 -2.592 0.12942 -0.0230893 -0.982406
2.519 0 -2.513 0.144929 0.00725491 -0.969594
3.064 0 -2.367 0.481036 -0.0596473 -0.834467
2.238 -5.969 -2.332 0.481792 -0.0608128 -0.834845
4
-1.27 -5.969 -2.592 -0.12942 -0.0230893 -0.982406
-2.238 -5.969 -2.332 -0.481792 -0.0608128 -0.834845
-3.064 0 -2.367 -0.481036 -0.0596473 -0.834467
-2.519 0 -2.513 -0.144929 0.00725491 -0.969594
4
-1.27 -5.969 -2.592 -0.12942 -0.0230893 -0.982406
-2.519 0 -2.513 -0.144929 0.00725491 -0.969594
2.519 0 -2.513 0.144929 0.00725491 -0.969594
1.27 -5.969 -2.592 0.12942 -0.0230893 -0.982406
4
-0.353 -14.293 2.435 -0.103507 -0.0604262 0.984273
0.353 -14.293 2.435 0.103507 -0.0604262 0.984273
0.628 -5.969 2.749 0.213351 -0.0395137 0.93026
-0.628 -5.969 2.749 -0.213351 -0.0395137 0.93026
3
-0.353 -14.293 2.435 -0.103507 -0.0604262 0.984273
-0.628 -5.969 2.749 -0.213351 -0.0395137 0.93026
-0.942 -5.969 2.749 -0.12964 -0.0207358 0.982021
3
0.628 -5.969 2.749 0.213351 -0.0395137 0.93026
0.353 -14.293 2.435 0.103507 -0.0604262 0.984273
0.942 -5.969 2.749 0.12964 -0.0207358 0.982021
4
1.217 -14.293 2.203 0.378556 -0.072881 0.913421
1.649 -5.969 2.559 0.379212 -0.0534435 0.914455
0.942 -5.969 2.749 0.12964 -0.0207358 0.982021
0.353 -14.293 2.435 0.103507 -0.0604262 0.984273
4
-1.217 -14.293 2.203 -0.378556 -0.072881 0.913421
-0.353 -14.293 2.435 -0.103507 -0.0604262 0.984273
-0.942 -5.969 2.749 -0.12964 -0.0207358 0.982021
-1.649 -5.969 2.559 -0.379212 -0.0534435 0.914455
4
1.924 -14.293 1.795 0.681064 -0.0747351 0.680979
2.356 -5.969 2.151 0.680699 -0.0753481 0.681394
1.649 -5.969 2.559 0.379212 -0.0534435 0.914455
1.217 -14.293 2.203 0.378556 -0.072881 0.913421
4
-1.924 -14.293 1.795 -0.681064 -0.0747351 0.680979
-1.217 -14.293 2.203 -0.378556 -0.072881 0.913421
-1.649 -5.969 2.559 -0.379212 -0.0534435 0.914455
-2.356 -5.969 2.151 -0.680699 -0.0753481 0.681394
4
2.277 -14.293 1.183 0.931331 -0.0604692 0.249202
2.67 -5.969 1.607 0.929441 -0.0814128 0.249334
2.356 -5.969 2.151 0.680699 -0.0753481 0.681394
1.924 -14.293 1.795 0.681064 -0.0747351 0.680979
4
-2.277 -14.293 1.183 -0.931331 -0.0604692 0.249202
-1.924 -14.293 1.795 -0.681064 -0.0747351 0.680979
-2.356 -5.969 2.151 -0.680699 -0.0753481 0.681394
-2.67 -5.969 1.607 -0.929441 -0.0814128 0.249334
4
2.277 -14.293 -1.414 0.981641 -0.0520508 -0.129134
2.67 -5.969 -1.728 0.979334 -0.0794736 -0.129375
2.67 -5.969 1.607 0.929441 -0.0814128 0.249334
2.277 -14.293 1.183 0.931331 -0.0604692 0.249202
4
-2.277 -14.293 -1.414 -0.981641 -0.0520508 -0.129134
-2.277 -14.293 1.183 -0.931331 -0.0604692 0.249202
-2.67 -5.969 1.607 -0.929441 -0.0814128 0.249334
-2.67 -5.969 -1.728 -0.979334 -0.0794736 -0.129375
4
2.193 -14.293 -1.728 0.835075 -0.0591934 -0.482007
2.607 -5.969 -1.963 0.833392 -0.0803253 -0.481748
2.67 -5.969 -1.728 0.979334 -0.0794736 -0.129375
2.277 -14.293 -1.414 0.981641 -0.0520508 -0.129134
4
-2.193 -14.293 -1.728 -0.835075 -0.0591934 -0.482007
-2.277 -14.293 -1.414 -0.981641 -0.0520508 -0.129134
-2.67 -5.969 -1.728 -0.979334 -0.0794736 -0.129375
-2.607 -5.969 -1.963 -0.833392 -0.0803253 -0.481748
4
1.885 -14.293 -2.036 0.48237 -0.0542758 -0.835242
2.238 -5.969 -2.332 0.481792 -0.0608128 -0.834845
2.607 -5.969 -1.963 0.833392 -0.0803253 -0.481748
2.193 -14.293 -1.728 0.835075 -0.0591934 -0.482007
4
-1.885 -14.293 -2.036 -0.48237 -0.0542758 -0.835242
-2.193 -14.293 -1.728 -0.835075 -0.0591934 -0.482007
-2.607 -5.969 -1.963 -0.833392 -0.0803253 -0.481748
-2.238 -5.969 -2.332 -0.481792 -0.0608128 -0.834845
4
0.398 -14.293 -2.435 0.129497 -0.0420456 -0.981939
1.27 -5.969 -2.592 0.12942 -0.0230893 -0.982406
2.238 -5.969 -2.332 0.481792 -0.0608128 -0.834845
1.885 -14.293 -2.036 0.48237 -0.0542758 -0.835242
4
-0.398 -14.293 -2.435 -0.129497 -0.0420456 -0.981939
-1.885 -14.293 -2.036 -0.48237 -0.0542758 -0.835242
-2.238 -5.969 -2.332 -0.481792 -0.0608128 -0.834845
-1.27 -5.969 -2.592 -0.12942 -0.0230893 -0.982406
4
-0.398 -14.293 -2.435 -0.129497 -0.0420456 -0.981939
-1.27 -5.969 -2.592 -0.12942 -0.0230893 -0.982406
1.27 -5.969 -2.592 0.12942 -0.0230893 -0.982406
0.398 -14.293 -2.435 0.129497 -0.0420456 -0.981939
4
0.314 -24.188 1.571 0.127552 -0.160525 0.967309
0.353 -14.293 2.435 0.103507 -0.0604262 0.984273
-0.353 -14.293 2.435 -0.103507 -0.0604262 0.984273
-0.314 -24.188 1.571 -0.127552 -0.160525 0.967309
4
0.746 -24.188 1.455 0.373064 -0.164353 0.900724
1.217 -14.293 2.203 0.378556 -0.072881 0.913421
0.353 -14.293 2.435 0.103507 -0.0604262 0.984273
0.314 -24.188 1.571 0.127552 -0.160525 0.967309
4
-0.746 -24.188 1.455 -0.373064 -0.164353 0.900724
-0.314 -24.188 1.571 -0.127552 -0.160525 0.967309
-0.353 -14.293 2.435 -0.103507 -0.0604262 0.984273
-1.217 -14.293 2.203 -0.378556 -0.072881 0.913421
4
1.414 -24.188 1.07 0.672309 -0.191797 0.671852
1.924 -14.293 1.795 0.681064 -0.0747351 0.680979
1.217 -14.293 2.203 0.378556 -0.072881 0.913421
0.746 -24.188 1.455 0.373064 -0.164353 0.900724
4
-1.414 -24.188 1.07 -0.672309 -0.191797 0.671852
-0.746 -24.188 1.455 -0.373064 -0.164353 0.900724
-1.217 -14.293 2.203 -0.378556 -0.072881 0.913421
-1.924 -14.293 1.795 -0.681064 -0.0747351 0.680979
4
1.806 -24.188 0.389 0.918175 -0.186764 0.245316
2.277 -14.293 1.183 0.931331 -0.0604692 0.249202
1.924 -14.293 1.795 0.681064 -0.0747351 0.680979
1.414 -24.188 1.07 0.672309 -0.191797 0.671852
4
-1.806 -24.188 0.389 -0.918175 -0.186764 0.245316
-1.414 -24.188 1.07 -0.672309 -0.191797 0.671852
-1.924 -14.293 1.795 -0.681064 -0.0747351 0.680979
-2.277 -14.293 1.183 -0.931331 -0.0604692 0.249202
4
1.806 -24.188 -0.942 0.962569 -0.166814 -0.125536
2.277 -14.293 -1.414 0.981641 -0.0520508 -0.129134
2.277 -14.293 1.183 0.931331 -0.0604692 0.249202
1.806 -24.188 0.389 0.918175 -0.186764 0.245316
4
-1.806 -24.188 -0.942 -0.962569 -0.166814 -0.125536
-1.806 -24.188 0.389 -0.918175 -0.186764 0.245316
-2.277 -14.293 1.183 -0.931331 -0.0604692 0.249202
-2.277 -14.293 -1.414 -0.981641 -0.0520508 -0.129134
4
1.728 -24.188 -1.236 0.814847 -0.218008 -0.469852
2.193 -14.293 -1.728 0.835075 -0.0591934 -0.482007
2.277 -14.293 -1.414 0.981641 -0.0520508 -0.129134
1.806 -24.188 -0.942 0.962569 -0.166814 -0.125536
4
-1.728 -24.188 -1.236 -0.814847 -0.218008 -0.469852
-1.806 -24.188 -0.942 -0.962569 -0.166814 -0.125536
-2.277 -14.293 -1.414 -0.981641 -0.0520508 -0.129134
-2.193 -14.293 -1.728 -0.835075 -0.0591934 -0.482007
4
1.256 -24.188 -1.707 0.471431 -0.203582 -0.818846
1.885 -14.293 -2.036 0.48237 -0.0542758 -0.835242
2.193 -14.293 -1.728 0.835075 -0.0591934 -0.482007
1.728 -24.188 -1.236 0.814847 -0.218008 -0.469852
4
-1.256 -24.188 -1.707 -0.471431 -0.203582 -0.818846
-1.728 -24.188 -1.236 -0.814847 -0.218008 -0.469852
-2.193 -14.293 -1.728 -0.835075 -0.0591934 -0.482007
-1.885 -14.293 -2.036 -0.48237 -0.0542758 -0.835242
4
0.594 -24.188 -1.885 0.127303 -0.150081 -0.966802
0.398 -14.293 -2.435 0.129497 -0.0420456 -0.981939
1.885 -14.293 -2.036 0.48237 -0.0542758 -0.835242
1.256 -24.188 -1.707 0.471431 -0.203582 -0.818846
4
-0.594 -24.188 -1.885 -0.127303 -0.150081 -0.966802
-1.256 -24.188 -1.707 -0.471431 -0.203582 -0.818846
-1.885 -14.293 -2.036 -0.48237 -0.0542758 -0.835242
-0.398 -14.293 -2.435 -0.129497 -0.0420456 -0.981939
4
-0.594 -24.188 -1.885 -0.127303 -0.150081 -0.966802
-0.398 -14.293 -2.435 -0.129497 -0.0420456 -0.981939
0.398 -14.293 -2.435 0.129497 -0.0420456 -0.981939
0.594 -24.188 -1.885 0.127303 -0.150081 -0.966802
4
2.513 11.309 0 0 0.267199 -0.00113449
1.813 11.309 0 0 0.267199 -0.00113449
1.571 2.67 2.435 0.547162 0.046211 0.590635
2.513 2.67 2.435 -0.337413 0.071973 0.760821
4
2.513 11.309 0 0 0.267199 -0.00113449
2.513 2.67 -2.356 -0.336149 0.104207 -0.758551
1.571 2.67 -2.356 0.327575 0.0834069 -0.785173
1.813 11.309 0 0 0.267199 -0.00113449
4
2.513 2.67 2.435 -0.337413 0.071973 0.760821
3.377 2.67 2.435 0.247156 -0.0144731 0.931598
3.671 5.812 2.277 0.246203 0.0434142 0.933808
2.689 5.812 2.277 -0.249223 0.0617922 0.931352
4
3.73 2.67 2.231 0.675744 -0.0913135 0.67781
3.784 5.812 2.213 0.686361 0.0253611 0.68642
3.671 5.812 2.277 0.246203 0.0434142 0.933808
3.377 2.67 2.435 0.247156 -0.0144731 0.931598
4
3.848 2.67 2.026 0.923591 -0.106813 0.245792
3.848 5.812 2.101 0.93399 0.00512476 0.247995
3.784 5.812 2.213 0.686361 0.0253611 0.68642
3.73 2.67 2.231 0.675744 -0.0913135 0.67781
5
3.848 5.812 -1.787 0.908886 0.0369683 -0.332551
3.848 9.424 -1.001 0.93168 0.043379 -0.248312
3.848 5.812 2.101 0.93399 0.00512476 0.247995
3.848 2.67 2.026 0.923591 -0.106813 0.245792
3.848 2.67 -1.806 0.930565 -0.101329 -0.250832
4
3.621 2.67 -2.199 0.613647 -0.0443874 -0.732282
3.783 5.812 -1.899 0.679055 0.0882004 -0.678481
3.848 5.812 -1.787 0.908886 0.0369683 -0.332551
3.848 2.67 -1.806 0.930565 -0.101329 -0.250832
4
3.349 2.67 -2.356 0.248972 0.0339434 -0.929212
3.672 5.812 -1.963 0.24739 0.144596 -0.921432
3.783 5.812 -1.899 0.679055 0.0882004 -0.678481
3.621 2.67 -2.199 0.613647 -0.0443874 -0.732282
4
2.513 2.67 -2.356 -0.336149 0.104207 -0.758551
2.69 5.812 -1.963 -0.24457 0.16424 -0.920856
3.672 5.812 -1.963 0.24739 0.144596 -0.921432
3.349 2.67 -2.356 0.248972 0.0339434 -0.929212
3
2.513 2.67 -2.356 -0.336149 0.104207 -0.758551
2.577 5.812 -1.899 -0.676071 0.129505 -0.676171
2.69 5.812 -1.963 -0.24457 0.16424 -0.920856
3
2.513 2.67 -2.356 -0.336149 0.104207 -0.758551
2.513 5.812 -1.787 -0.908668 0.0658485 -0.33024
2.577 5.812 -1.899 -0.676071 0.129505 -0.676171
5
2.513 2.67 2.435 -0.337413 0.071973 0.760821
2.513 5.812 2.101 -0.932024 0.0215603 0.250728
2.513 9.424 -1.002 -0.931419 0.0434988 -0.248745
2.513 5.812 -1.787 -0.908668 0.0658485 -0.33024
2.513 2.67 -2.356 -0.336149 0.104207 -0.758551
3
2.513 2.67 2.435 -0.337413 0.071973 0.760821
2.578 5.812 2.213 -0.687203 0.0531916 0.686645
2.513 5.812 2.101 -0.932024 0.0215603 0.250728
3
2.513 2.67 2.435 -0.337413 0.071973 0.760821
2.689 5.812 2.277 -0.249223 0.0617922 0.931352
2.578 5.812 2.213 -0.687203 0.0531916 0.686645
4
3.783 5.812 -1.899 0.679055 0.0882004 -0.678481
3.783 9.424 -1.114 0.681287 0.116546 -0.683622
3.848 9.424 -1.001 0.93168 0.043379 -0.248312
3.848 5.812 -1.787 0.908886 0.0369683 -0.332551
4
3.672 5.812 -1.963 0.24739 0.144596 -0.921432
3.672 9.424 -1.178 0.246727 0.163513 -0.919783
3.783 9.424 -1.114 0.681287 0.116546 -0.683622
3.783 5.812 -1.899 0.679055 0.0882004 -0.678481
4
2.69 5.812 -1.963 -0.24457 0.16424 -0.920856
2.69 9.424 -1.178 -0.24629 0.163514 -0.920032
3.672 9.424 -1.178 0.246727 0.163513 -0.919783
3.672 5.812 -1.963 0.24739 0.144596 -0.921432
4
2.577 5.812 -1.899 -0.676071 0.129505 -0.676171
2.577 9.424 -1.113 -0.680728 0.116642 -0.684168
2.69 9.424 -1.178 -0.24629 0.163514 -0.920032
2.69 5.812 -1.963 -0.24457 0.16424 -0.920856
4
2.513 5.812 -1.787 -0.908668 0.0658485 -0.33024
2.513 9.424 -1.002 -0.931419 0.0434988 -0.248745
2.577 9.424 -1.113 -0.680728 0.116642 -0.684168
2.577 5.812 -1.899 -0.676071 0.129505 -0.676171
4
2.689 5.812 2.277 -0.249223 0.0617922 0.931352
3.671 5.812 2.277 0.246203 0.0434142 0.933808
3.691 12.722 1.806 0.300757 0.289724 0.594996
2.67 12.722 1.806 -0.302424 0.289647 0.59405
3
3.671 5.812 2.277 0.246203 0.0434142 0.933808
3.784 5.812 2.213 0.686361 0.0253611 0.68642
3.691 12.722 1.806 0.300757 0.289724 0.594996
3
3.784 5.812 2.213 0.686361 0.0253611 0.68642
3.848 12.692 1.649 0.644704 0.266421 0.252375
3.691 12.722 1.806 0.300757 0.289724 0.594996
3
3.784 5.812 2.213 0.686361 0.0253611 0.68642
3.848 5.812 2.101 0.93399 0.00512476 0.247995
3.848 12.692 1.649 0.644704 0.266421 0.252375
4
3.848 9.424 -1.001 0.93168 0.043379 -0.248312
3.848 12.251 -0.628 0.63944 0.288638 -0.349606
3.848 12.692 1.649 0.644704 0.266421 0.252375
3.848 5.812 2.101 0.93399 0.00512476 0.247995
3
3.848 9.424 -1.001 0.93168 0.043379 -0.248312
3.783 9.424 -1.114 0.681287 0.116546 -0.683622
3.848 12.251 -0.628 0.63944 0.288638 -0.349606
3
3.783 9.424 -1.114 0.681287 0.116546 -0.683622
3.691 12.221 -0.785 0.29721 0.336389 -0.687867
3.848 12.251 -0.628 0.63944 0.288638 -0.349606
3
3.783 9.424 -1.114 0.681287 0.116546 -0.683622
3.672 9.424 -1.178 0.246727 0.163513 -0.919783
3.691 12.221 -0.785 0.29721 0.336389 -0.687867
4
2.69 9.424 -1.178 -0.24629 0.163514 -0.920032
2.67 12.221 -0.785 -0.296993 0.336363 -0.687996
3.691 12.221 -0.785 0.29721 0.336389 -0.687867
3.672 9.424 -1.178 0.246727 0.163513 -0.919783
3
2.69 9.424 -1.178 -0.24629 0.163514 -0.920032
2.577 9.424 -1.113 -0.680728 0.116642 -0.684168
2.67 12.221 -0.785 -0.296993 0.336363 -0.687996
3
2.577 9.424 -1.113 -0.680728 0.116642 -0.684168
2.513 12.251 -0.628 -0.740446 0.224291 -0.377139
2.67 12.221 -0.785 -0.296993 0.336363 -0.687996
3
2.577 9.424 -1.113 -0.680728 0.116642 -0.684168
2.513 9.424 -1.002 -0.931419 0.0434988 -0.248745
2.513 12.251 -0.628 -0.740446 0.224291 -0.377139
4
2.513 5.812 2.101 -0.932024 0.0215603 0.250728
2.513 12.692 1.649 -0.774624 0.202863 0.256175
2.513 12.251 -0.628 -0.740446 0.224291 -0.377139
2.513 9.424 -1.002 -0.931419 0.0434988 -0.248745
3
2.513 5.812 2.101 -0.932024 0.0215603 0.250728
2.578 5.812 2.213 -0.687203 0.0531916 0.686645
2.513 12.692 1.649 -0.774624 0.202863 0.256175
3
2.578 5.812 2.213 -0.687203 0.0531916 0.686645
2.67 12.722 1.806 -0.302424 0.289647 0.59405
2.513 12.692 1.649 -0.774624 0.202863 0.256175
3
2.578 5.812 2.213 -0.687203 0.0531916 0.686645
2.689 5.812 2.277 -0.249223 0.0617922 0.931352
2.67 12.722 1.806 -0.302424 0.289647 0.59405
8
2.592 12.997 1.696 -0.214751 0.0904036 0.334588
2.592 12.707 1.728 0.143861 0.0384918 0.348831
2.592 12.236 -0.707 0.158016 0.0768307 -0.356573
2.592 12.417 -0.668 -0.138529 0.114705 -0.455905
2.592 12.771 -0.565 -0.230051 0.121169 -0.293661
2.592 12.928 -0.445 -0.316914 0.0984582 -0.0833681
2.592 13.272 1.335 -0.325762 0.0952448 0.0101065
2.592 13.194 1.571 -0.305684 0.119214 0.120038
4
2.592 12.928 -0.445 -0.316914 0.0984582 -0.0833681
2.513 12.251 -0.628 -0.740446 0.224291 -0.377139
2.513 12.692 1.649 -0.774624 0.202863 0.256175
2.592 13.272 1.335 -0.325762 0.0952448 0.0101065
3
2.592 12.997 1.696 -0.214751 0.0904036 0.334588
2.513 12.692 1.649 -0.774624 0.202863 0.256175
2.592 12.707 1.728 0.143861 0.0384918 0.348831
3
2.592 13.194 1.571 -0.305684 0.119214 0.120038
2.513 12.692 1.649 -0.774624 0.202863 0.256175
2.592 12.997 1.696 -0.214751 0.0904036 0.334588
3
2.592 13.272 1.335 -0.325762 0.0952448 0.0101065
2.513 12.692 1.649 -0.774624 0.202863 0.256175
2.592 13.194 1.571 -0.305684 0.119214 0.120038
3
2.592 12.771 -0.565 -0.230051 0.121169 -0.293661
2.513 12.251 -0.628 -0.740446 0.224291 -0.377139
2.592 12.928 -0.445 -0.316914 0.0984582 -0.0833681
3
2.592 12.417 -0.668 -0.138529 0.114705 -0.455905
2.513 12.251 -0.628 -0.740446 0.224291 -0.377139
2.592 12.771 -0.565 -0.230051 0.121169 -0.293661
3
2.592 12.236 -0.707 0.158016 0.0768307 -0.356573
2.513 12.251 -0.628 -0.740446 0.224291 -0.377139
2.592 12.417 -0.668 -0.138529 0.114705 -0.455905
4
-2.513 11.309 0 0 0.267199 -0.00113449
-2.513 2.67 2.435 0.337413 0.071973 0.760821
-1.571 2.67 2.435 -0.547162 0.046211 0.590635
-1.813 11.309 0 0 0.267199 -0.00113449
4
-2.513 11.309 0 0 0.267199 -0.00113449
-1.813 11.309 0 0 0.267199 -0.00113449
-1.571 2.67 -2.356 -0.327575 0.0834069 -0.785173
-2.513 2.67 -2.356 0.336149 0.104207 -0.758551
4
-2.513 2.67 2.435 0.337413 0.071973 0.760821
-2.689 5.812 2.277 0.249223 0.0617922 0.931352
-3.671 5.812 2.277 -0.246203 0.0434142 0.933808
-3.377 2.67 2.435 -0.247156 -0.0144731 0.931598
4
-3.73 2.67 2.231 -0.675744 -0.0913135 0.67781
-3.377 2.67 2.435 -0.247156 -0.0144731 0.931598
-3.671 5.812 2.277 -0.246203 0.0434142 0.933808
-3.784 5.812 2.213 -0.686361 0.0253611 0.68642
4
-3.848 2.67 2.026 -0.923591 -0.106813 0.245792
-3.73 2.67 2.231 -0.675744 -0.0913135 0.67781
-3.784 5.812 2.213 -0.686361 0.0253611 0.68642
-3.848 5.812 2.101 -0.93399 0.00512476 0.247995
5
-3.848 2.67 -1.806 -0.930565 -0.101329 -0.250832
-3.848 2.67 2.026 -0.923591 -0.106813 0.245792
-3.848 5.812 2.101 -0.93399 0.00512476 0.247995
-3.848 9.424 -1.001 -0.93168 0.043379 -0.248312
-3.848 5.812 -1.787 -0.908886 0.0369683 -0.332551
4
-3.621 2.67 -2.199 -0.613647 -0.0443874 -0.732282
-3.848 2.67 -1.806 -0.930565 -0.101329 -0.250832
-3.848 5.812 -1.787 -0.908886 0.0369683 -0.332551
-3.783 5.812 -1.899 -0.679055 0.0882004 -0.678481
4
-3.349 2.67 -2.356 -0.248972 0.0339434 -0.929212
-3.621 2.67 -2.199 -0.613647 -0.0443874 -0.732282
-3.783 5.812 -1.899 -0.679055 0.0882004 -0.678481
-3.672 5.812 -1.963 -0.24739 0.144596 -0.921432
4
-2.513 2.67 -2.356 0.336149 0.104207 -0.758551
-3.349 2.67 -2.356 -0.248972 0.0339434 -0.929212
-3.672 5.812 -1.963 -0.24739 0.144596 -0.921432
-2.69 5.812 -1.963 0.24457 0.16424 -0.920856
3
-2.577 5.812 -1.899 0.676071 0.129505 -0.676171
-2.513 2.67 -2.356 0.336149 0.104207 -0.758551
-2.69 5.812 -1.963 0.24457 0.16424 -0.920856
3
-2.513 5.812 -1.787 0.908668 0.0658485 -0.33024
-2.513 2.67 -2.356 0.336149 0.104207 -0.758551
-2.577 5.812 -1.899 0.676071 0.129505 -0.676171
5
-2.513 2.67 -2.356 0.336149 0.104207 -0.758551
-2.513 5.812 -1.787 0.908668 0.0658485 -0.33024
-2.513 9.424 -1.002 0.931419 0.0434988 -0.248745
-2.513 5.812 2.101 0.932024 0.0215603 0.250728
-2.513 2.67 2.435 0.337413 0.071973 0.760821
3
-2.578 5.812 2.213 0.687203 0.0531916 0.686645
-2.513 2.67 2.435 0.337413 0.071973 0.760821
-2.513 5.812 2.101 0.932024 0.0215603 0.250728
3
-2.689 5.812 2.277 0.249223 0.0617922 0.931352
-2.513 2.67 2.435 0.337413 0.071973 0.760821
-2.578 5.812 2.213 0.687203 0.0531916 0.686645
4
-3.783 5.812 -1.899 -0.679055 0.0882004 -0.678481
-3.848 5.812 -1.787 -0.908886 0.0369683 -0.332551
-3.848 9.424 -1.001 -0.93168 0.043379 -0.248312
-3.783 9.424 -1.114 -0.681287 0.116546 -0.683622
4
-3.672 5.812 -1.963 -0.24739 0.144596 -0.921432
-3.783 5.812 -1.899 -0.679055 0.0882004 -0.678481
-3.783 9.424 -1.114 -0.681287 0.116546 -0.683622
-3.672 9.424 -1.178 -0.246727 0.163513 -0.919783
4
-2.69 5.812 -1.963 0.24457 0.16424 -0.920856
-3.672 5.812 -1.963 -0.24739 0.144596 -0.921432
-3.672 9.424 -1.178 -0.246727 0.163513 -0.919783
-2.69 9.424 -1.178 0.24629 0.163514 -0.920032
4
-2.577 5.812 -1.899 0.676071 0.129505 -0.676171
-2.69 5.812 -1.963 0.24457 0.16424 -0.920856
-2.69 9.424 -1.178 0.24629 0.163514 -0.920032
-2.577 9.424 -1.113 0.680728 0.116642 -0.684168
4
-2.513 5.812 -1.787 0.908668 0.0658485 -0.33024
-2.577 5.812 -1.899 0.676071 0.129505 -0.676171
-2.577 9.424 -1.113 0.680728 0.116642 -0.684168
-2.513 9.424 -1.002 0.931419 0.0434988 -0.248745
4
-2.689 5.812 2.277 0.249223 0.0617922 0.931352
-2.67 12.722 1.806 0.302424 0.289647 0.59405
-3.691 12.722 1.806 -0.300757 0.289724 0.594996
-3.671 5.812 2.277 -0.246203 0.0434142 0.933808
3
-3.784 5.812 2.213 -0.686361 0.0253611 0.68642
-3.671 5.812 2.277 -0.246203 0.0434142 0.933808
-3.691 12.722 1.806 -0.300757 0.289724 0.594996
3
-3.848 12.692 1.649 -0.644704 0.266421 0.252375
-3.784 5.812 2.213 -0.686361 0.0253611 0.68642
-3.691 12.722 1.806 -0.300757 0.289724 0.594996
3
-3.848 5.812 2.101 -0.93399 0.00512476 0.247995
-3.784 5.812 2.213 -0.686361 0.0253611 0.68642
-3.848 12.692 1.649 -0.644704 0.266421 0.252375
4
-3.848 9.424 -1.001 -0.93168 0.043379 -0.248312
-3.848 5.812 2.101 -0.93399 0.00512476 0.247995
-3.848 12.692 1.649 -0.644704 0.266421 0.252375
-3.848 12.251 -0.628 -0.63944 0.288638 -0.349605
3
-3.783 9.424 -1.114 -0.681287 0.116546 -0.683622
-3.848 9.424 -1.001 -0.93168 0.043379 -0.248312
-3.848 12.251 -0.628 -0.63944 0.288638 -0.349605
3
-3.691 12.221 -0.785 -0.29721 0.336389 -0.687867
-3.783 9.424 -1.114 -0.681287 0.116546 -0.683622
-3.848 12.251 -0.628 -0.63944 0.288638 -0.349605
3
-3.672 9.424 -1.178 -0.246727 0.163513 -0.919783
-3.783 9.424 -1.114 -0.681287 0.116546 -0.683622
-3.691 12.221 -0.785 -0.29721 0.336389 -0.687867
4
-2.69 9.424 -1.178 0.24629 0.163514 -0.920032
-3.672 9.424 -1.178 -0.246727 0.163513 -0.919783
-3.691 12.221 -0.785 -0.29721 0.336389 -0.687867
-2.67 12.221 -0.785 0.296993 0.336363 -0.687996
3
-2.577 9.424 -1.113 0.680728 0.116642 -0.684168
-2.69 9.424 -1.178 0.24629 0.163514 -0.920032
-2.67 12.221 -0.785 0.296993 0.336363 -0.687996
3
-2.513 12.251 -0.628 0.740446 0.224291 -0.377139
-2.577 9.424 -1.113 0.680728 0.116642 -0.684168
-2.67 12.221 -0.785 0.296993 0.336363 -0.687996
3
-2.513 9.424 -1.002 0.931419 0.0434988 -0.248745
-2.577 9.424 -1.113 0.680728 0.116642 -0.684168
-2.513 12.251 -0.628 0.740446 0.224291 -0.377139
4
-2.513 5.812 2.101 0.932024 0.0215603 0.250728
-2.513 9.424 -1.002 0.931419 0.0434988 -0.248745
-2.513 12.251 -0.628 0.740446 0.224291 -0.377139
-2.513 12.692 1.649 0.774624 0.202863 0.256175
3
-2.578 5.812 2.213 0.687203 0.0531916 0.686645
-2.513 5.812 2.101 0.932024 0.0215603 0.250728
-2.513 12.692 1.649 0.774624 0.202863 0.256175
3
-2.67 12.722 1.806 0.302424 0.289647 0.59405
-2.578 5.812 2.213 0.687203 0.0531916 0.686645
-2.513 12.692 1.649 0.774624 0.202863 0.256175
3
-2.689 5.812 2.277 0.249223 0.0617922 0.931352
-2.578 5.812 2.213 0.687203 0.0531916 0.686645
-2.67 12.722 1.806 0.302424 0.289647 0.59405
8
-2.592 12.417 -0.668 0.138529 0.114705 -0.455905
-2.592 12.236 -0.707 -0.158016 0.0768307 -0.356573
-2.592 12.707 1.728 -0.143861 0.0384918 0.348831
-2.592 12.997 1.696 0.214751 0.0904036 0.334588
-2.592 13.194 1.571 0.305684 0.119214 0.120038
-2.592 13.272 1.335 0.325762 0.0952448 0.0101065
-2.592 12.928 -0.445 0.316914 0.0984582 -0.0833681
-2.592 12.771 -0.565 0.230051 0.121169 -0.293661
4
-2.592 12.928 -0.445 0.316914 0.0984582 -0.0833681
-2.592 13.272 1.335 0.325762 0.0952448 0.0101065
-2.513 12.692 1.649 0.774624 0.202863 0.256175
-2.513 12.251 -0.628 0.740446 0.224291 -0.377139
3
-2.513 12.692 1.649 0.774624 0.202863 0.256175
-2.592 12.997 1.696 0.214751 0.0904036 0.334588
-2.592 12.707 1.728 -0.143861 0.0384918 0.348831
3
-2.513 12.692 1.649 0.774624 0.202863 0.256175
-2.592 13.194 1.571 0.305684 0.119214 0.120038
-2.592 12.997 1.696 0.214751 0.0904036 0.334588
3
-2.513 12.692 1.649 0.774624 0.202863 0.256175
-2.592 13.272 1.335 0.325762 0.0952448 0.0101065
-2.592 13.194 1.571 0.305684 0.119214 0.120038
3
-2.513 12.251 -0.628 0.740446 0.224291 -0.377139
-2.592 12.771 -0.565 0.230051 0.121169 -0.293661
-2.592 12.928 -0.445 0.316914 0.0984582 -0.0833681
3
-2.513 12.251 -0.628 0.740446 0.224291 -0.377139
-2.592 12.417 -0.668 0.138529 0.114705 -0.455905
-2.592 12.771 -0.565 0.230051 0.121169 -0.293661
3
-2.513 12.251 -0.628 0.740446 0.224291 -0.377139
-2.592 12.236 -0.707 -0.158016 0.0768307 -0.356573
-2.592 12.417 -0.668 0.138529 0.114705 -0.455905
0.500000 0.500000 0.700000
26
4
-8.639 7.853 -0.66 -0.038218 0.0466717 -1.40667e-05
-8.639 7.03 -0.621 -0.0315269 0.0322984 0.998851
-3.848 9.267 -0.542 -0.0315269 0.0322984 0.998851
-3.848 11.78 -0.66 -0.038218 0.0466717 -1.40667e-05
4
-8.639 7.03 -0.621 -0.0315269 0.0322984 0.998851
-8.639 6.31 -0.608 -0.0219293 -1.08406e-06 0.999599
-3.848 7.068 -0.503 -0.0219293 -1.08406e-06 0.999599
-3.848 9.267 -0.542 -0.0315269 0.0322984 0.998851
4
-8.639 6.31 -0.608 -0.0219293 -1.08406e-06 0.999599
-8.639 5.589 -0.621 -0.0218674 -0.0356484 0.99896
-3.848 4.869 -0.542 -0.0218674 -0.0356484 0.99896
-3.848 7.068 -0.503 -0.0219293 -1.08406e-06 0.999599
4
-8.639 5.589 -0.621 -0.0218674 -0.0356484 0.99896
-8.639 4.869 -0.66 -0.0245867 -0.0535675 0.998262
-3.848 2.67 -0.66 -0.0245867 -0.0535675 0.998262
-3.848 4.869 -0.542 -0.0218674 -0.0356484 0.99896
4
-8.639 7.03 -0.698 -0.0315317 0.0323276 -0.998858
-8.639 7.853 -0.66 -0.038218 0.0466717 -1.40667e-05
-3.848 11.78 -0.66 -0.038218 0.0466717 -1.40667e-05
-3.848 9.267 -0.777 -0.0315317 0.0323276 -0.998858
4
-8.639 6.31 -0.711 -0.0221054 -1.15484e-06 -0.999586
-8.639 7.03 -0.698 -0.0315317 0.0323276 -0.998858
-3.848 9.267 -0.777 -0.0315317 0.0323276 -0.998858
-3.848 7.068 -0.817 -0.0221054 -1.15484e-06 -0.999586
4
-8.639 5.589 -0.698 -0.0192402 -0.0181837 -0.99965
-8.639 6.31 -0.711 -0.0221054 -1.15484e-06 -0.999586
-3.848 7.068 -0.817 -0.0221054 -1.15484e-06 -0.999586
-3.848 4.869 -0.777 -0.0192402 -0.0181837 -0.99965
4
-8.639 4.869 -0.66 -0.512222 -0.0265575 -0.499145
-8.639 5.589 -0.698 -0.512222 -0.0265575 -0.499145
-3.848 4.869 -0.777 -0.0244433 -0.053115 -0.998289
-3.848 2.67 -0.66 -0.0244433 -0.053115 -0.998289
8
-8.639 6.31 -0.608 -1 0 0
-8.639 7.03 -0.621 -1 0 0
-8.639 7.853 -0.66 -1 0 0
-8.639 7.03 -0.698 -1 0 0
-8.639 6.31 -0.711 -1 0 0
-8.639 5.589 -0.698 -0.512222 -0.0265575 -0.499145
-8.639 4.869 -0.66 -0.512222 -0.0265575 -0.499145
-8.639 5.589 -0.621 -1 0 0
4
8.639 7.03 -0.621 0.0315879 0.0322983 0.998849
8.639 7.853 -0.66 0.0384172 0.0468695 0.998162
3.848 11.78 -0.66 0.0384172 0.0468695 0.998162
3.848 9.267 -0.542 0.0315879 0.0322983 0.998849
4
8.639 6.31 -0.608 0.0219312 -1.10175e-06 0.999598
8.639 7.03 -0.621 0.0315879 0.0322983 0.998849
3.848 9.267 -0.542 0.0315879 0.0322983 0.998849
3.848 7.068 -0.503 0.0219312 -1.10175e-06 0.999598
4
8.639 5.589 -0.621 0.0191036 -0.0177293 0.99966
8.639 6.31 -0.608 0.0219312 -1.10175e-06 0.999598
3.848 7.068 -0.503 0.0219312 -1.10175e-06 0.999598
3.848 4.869 -0.542 0.0191036 -0.0177293 0.99966
4
8.639 4.869 -0.66 0.0244449 -0.0533413 -1.37091e-05
8.639 5.589 -0.621 0.512255 -0.0267838 0.499132
3.848 4.869 -0.542 0.0245108 -0.0535676 0.998263
3.848 2.67 -0.66 0.0244449 -0.0533413 -1.37091e-05
4
8.639 7.853 -0.66 0.519079 0.0232368 -0.499095
8.639 7.03 -0.698 0.0315748 0.0323275 -0.998856
3.848 9.267 -0.777 0.0315748 0.0323275 -0.998856
3.848 11.78 -0.66 0.0381588 0.0464737 -0.99819
4
8.639 7.03 -0.698 0.0315748 0.0323275 -0.998856
8.639 6.31 -0.711 0.0221035 -1.16322e-06 -0.999586
3.848 7.068 -0.817 0.0221035 -1.16322e-06 -0.999586
3.848 9.267 -0.777 0.0315748 0.0323275 -0.998856
4
8.639 6.31 -0.711 0.0221035 -1.16322e-06 -0.999586
8.639 5.589 -0.698 0.0217976 -0.0356494 -0.99897
3.848 4.869 -0.777 0.0217976 -0.0356494 -0.99897
3.848 7.068 -0.817 0.0221035 -1.16322e-06 -0.999586
4
8.639 5.589 -0.698 0.0217976 -0.0356494 -0.99897
8.639 4.869 -0.66 0.0244449 -0.0533413 -1.37091e-05
3.848 2.67 -0.66 0.0244449 -0.0533413 -1.37091e-05
3.848 4.869 -0.777 0.0217976 -0.0356494 -0.99897
8
8.639 6.31 -0.711 1 0 0
8.639 7.03 -0.698 1 0 0
8.639 7.853 -0.66 0.519079 0.0232368 -0.499095
8.639 7.03 -0.621 1 0 0
8.639 6.31 -0.608 1 0 0
8.639 5.589 -0.621 0.512255 -0.0267838 0.499132
8.639 4.869 -0.66 1 0 0
8.639 5.589 -0.698 1 0 0
4
4.869 -11.859 -0.952 -0.350096 -0.167658 0.436482
4.869 -13.194 -1.728 -0.239871 -0.0901934 -0.0622023
16.335 -1.728 -1.124 0.140041 -0.135381 -0.0932042
16.335 -1.091 -0.754 0.300058 -0.335378 0.872986
4
4.869 -10.225 -0.588 0.241494 -0.0483334 0.791815
4.869 -11.859 -0.952 -0.350096 -0.167658 0.436482
16.335 -1.091 -0.754 0.300058 -0.335378 0.872986
16.335 -0.337 -0.586 0.0975558 -0.112928 0.979511
4
4.869 -11.717 -1.445 -0.546371 0.0706694 -0.491808
4.869 -10.225 -1.3 -0.000857893 0.00996714 -0.59848
16.335 -0.337 -0.923 -0.0024898 0.0406545 -0.996441
16.335 -1.028 -0.99 -0.0928694 0.141204 -0.983641
4
4.869 -13.194 -1.728 -0.239871 -0.0901934 -0.0622023
4.869 -11.717 -1.445 -0.546371 0.0706694 -0.491808
16.335 -1.028 -0.99 -0.0928694 0.141204 -0.983641
16.335 -1.728 -1.124 0.140041 -0.135381 -0.0932042
4
-4.869 -11.859 -0.952 -0.299809 -0.335315 0.872964
-16.335 -1.091 -0.754 -0.300058 -0.335378 0.872986
-16.335 -1.728 -1.124 -0.231738 -0.242605 0.200117
-4.869 -13.194 -1.728 -0.140194 -0.13529 -0.0933035
4
-4.869 -10.225 -0.588 -0.097085 -0.112773 0.979624
-16.335 -0.337 -0.586 -0.0975558 -0.112928 0.979511
-16.335 -1.091 -0.754 -0.300058 -0.335378 0.872986
-4.869 -11.859 -0.952 -0.299809 -0.335315 0.872964
4
-4.869 -11.717 -1.445 0.092743 0.141339 -0.983617
-16.335 -1.028 -0.99 0.0928694 0.141204 -0.983641
-16.335 -0.337 -0.923 0.00248981 0.0406545 -0.996441
-4.869 -10.225 -1.3 -0.0265132 0.00172573 -0.996911
4
-4.869 -13.194 -1.728 -0.140194 -0.13529 -0.0933035
-16.335 -1.728 -1.124 0.13505 0.186292 -0.973168
-16.335 -1.028 -0.99 0.0928694 0.141204 -0.983641
-4.869 -11.717 -1.445 0.092743 0.141339 -0.983617
0.700000 0.700000 0.800000
46
4
-0.196 15.974 4.175 0 -0.247004 -0.969014
-0.196 16.178 4.123 0 -0.247004 -0.969014
0.196 16.178 4.123 0 -0.247004 -0.969014
0.196 15.974 4.175 0 -0.247004 -0.969014
4
0.589 15.974 4.07 0.00374228 -0.0501698 0.00811517
0.196 15.974 4.175 0.00172109 0.0111045 0.336562
0.196 16.178 4.123 -0.00318117 0.163193 0.297576
0.589 16.178 4.018 -0.00622613 0.0575244 -0.0158527
4
-0.589 15.974 4.07 -0.00374228 -0.0501698 0.00811517
-0.589 16.178 4.018 0.00622613 0.0575244 -0.0158527
-0.196 16.178 4.123 0.00318117 0.163193 0.297576
-0.196 15.974 4.175 -0.00258164 -0.0526039 0.00966269
4
0.974 15.974 3.847 0.00401029 -0.0426355 0.00537926
0.589 15.974 4.07 0.00374228 -0.0501698 0.00811517
0.589 16.178 4.018 -0.00622613 0.0575244 -0.0158527
0.974 16.178 3.796 -0.00790973 0.0518221 -0.0105143
4
-0.974 15.974 3.847 -0.00401029 -0.0426355 0.00537926
-0.974 16.178 3.796 0.00790973 0.0518221 -0.0105143
-0.589 16.178 4.018 0.00622613 0.0575244 -0.0158527
-0.589 15.974 4.07 -0.00374228 -0.0501698 0.00811517
4
1.298 15.974 3.523 0.00276883 -0.0329016 0.00279576
0.974 15.974 3.847 0.00401029 -0.0426355 0.00537926
0.974 16.178 3.796 -0.00790973 0.0518221 -0.0105143
1.298 16.178 3.471 -0.00653276 0.0414588 -0.00511478
4
-1.298 15.974 3.523 -0.00276883 -0.0329016 0.00279576
-1.298 16.178 3.471 0.00653276 0.0414588 -0.00511478
-0.974 16.178 3.796 0.00790973 0.0518221 -0.0105143
-0.974 15.974 3.847 -0.00401029 -0.0426355 0.00537926
4
1.489 15.974 3.193 0.00157474 -0.0215179 0.000798069
1.298 15.974 3.523 0.00276883 -0.0329016 0.00279576
1.298 16.178 3.471 -0.00653276 0.0414588 -0.00511478
1.489 16.178 3.141 -0.00324114 0.0264023 -0.00145438
4
-1.489 15.974 3.193 -0.00157474 -0.0215179 0.000798069
-1.489 16.178 3.141 0.00324114 0.0264023 -0.00145438
-1.298 16.178 3.471 0.00653276 0.0414588 -0.00511478
-1.298 15.974 3.523 -0.00276883 -0.0329016 0.00279576
4
1.571 15.974 2.887 0.000364751 -0.00738395 9.77367e-05
1.489 15.974 3.193 0.00157474 -0.0215179 0.000798069
1.489 16.178 3.141 -0.00324114 0.0264023 -0.00145438
1.571 16.178 2.835 -0.000777841 0.00918499 -9.66266e-05
4
-1.571 15.974 2.887 -0.000364751 -0.00738395 9.77367e-05
-1.571 16.178 2.835 0.000777841 0.00918499 -9.66266e-05
-1.489 16.178 3.141 0.00324114 0.0264023 -0.00145438
-1.489 15.974 3.193 -0.00157474 -0.0215179 0.000798069
4
1.571 15.974 2.435 0 0 0.5
1.571 15.974 2.887 0.000364751 -0.00738395 9.77367e-05
1.571 16.178 2.835 -0.000777841 0.00918499 -9.66266e-05
1.571 16.178 2.435 0.288826 0 0.499739
4
-1.571 15.974 2.435 0 0 0.5
-1.571 16.178 2.435 -0.288826 0 0.499739
-1.571 16.178 2.835 0.000777841 0.00918499 -9.66266e-05
-1.571 15.974 2.887 -0.000364751 -0.00738395 9.77367e-05
8
0.589 20.155 2.435 0.207786 0.185145 0.933321
0.196 20.419 2.435 0.0602725 0.182175 0.957703
-0.196 20.419 2.435 -0.0602725 0.182175 0.957703
-0.589 20.155 2.435 -0.207786 0.185145 0.933321
-0.974 19.597 2.435 -0.401522 0.194589 0.85739
-1.298 18.782 2.435 -0.440035 0.13382 0.798536
1.298 18.782 2.435 0.440035 0.13382 0.798536
0.974 19.597 2.435 0.401522 0.194589 0.85739
8
1.489 17.953 2.435 0.692677 0.103401 0.586743
1.298 18.782 2.435 0.440035 0.13382 0.798536
-1.298 18.782 2.435 -0.440035 0.13382 0.798536
-1.489 17.953 2.435 -0.692677 0.103401 0.586743
-1.571 17.185 2.435 -0.765064 0.0416871 0.447211
-1.571 16.178 2.435 -0.288826 0 0.499739
1.571 16.178 2.435 0.288826 0 0.499739
1.571 17.185 2.435 0.765064 0.0416871 0.447211
4
1.571 15.974 2.435 0 0 0.5
1.571 16.178 2.435 0.288826 0 0.499739
-1.571 16.178 2.435 -0.288826 0 0.499739
-1.571 15.974 2.435 0 0 0.5
4
1.571 13.822 2.435 0.5 0 0.5
1.571 15.974 2.435 0 0 0.5
-1.571 15.974 2.435 0 0 0.5
-1.571 13.822 2.435 -0.5 0 0.5
4
1.571 12.094 2.435 0.332175 0.309528 0.457035
1.571 13.822 2.435 0.5 0 0.5
-1.571 13.822 2.435 -0.5 0 0.5
-1.571 12.094 2.435 -0.399932 0.371754 0.347635
8
-0.197 11.309 4.398 -0.0847315 0.289764 0.777423
0.197 11.309 4.398 0.0645862 0.449469 0.675844
-1.571 12.094 2.435 -0.399932 0.371754 0.347635
-1.571 11.818 3.126 -0.654025 0.307342 0.208634
-1.489 11.697 3.428 -0.609151 0.302087 0.375591
-1.298 11.566 3.754 -0.522834 0.297493 0.524958
-0.974 11.438 4.075 -0.400823 0.293756 0.646663
-0.589 11.35 4.294 -0.25118 0.291114 0.732911
8
1.571 12.094 2.435 0.332175 0.309528 0.457035
-1.571 12.094 2.435 -0.399932 0.371754 0.347635
0.197 11.309 4.398 0.0645862 0.449469 0.675844
0.589 11.35 4.294 0.251293 0.29058 0.734257
0.974 11.438 4.075 0.400936 0.293222 0.648009
1.298 11.566 3.754 0.522947 0.296959 0.526304
1.489 11.697 3.428 0.609264 0.301553 0.376936
1.571 11.818 3.126 0.654138 0.306808 0.20998
4
0.151 -26.702 0.974 -0.00180928 -0.156758 -0.012212
0.314 -24.188 1.571 0.127552 -0.160525 0.967309
-0.314 -24.188 1.571 -0.127552 -0.160525 0.967309
-0.151 -26.702 0.974 0.00180928 -0.156758 -0.012212
4
0.452 -26.702 0.893 -0.00511669 -0.160612 -0.0121296
0.746 -24.188 1.455 0.373064 -0.164353 0.900724
0.314 -24.188 1.571 0.127552 -0.160525 0.967309
0.151 -26.702 0.974 -0.00180928 -0.156758 -0.012212
4
-0.452 -26.702 0.893 0.00511669 -0.160612 -0.0121296
-0.151 -26.702 0.974 0.00180928 -0.156758 -0.012212
-0.314 -24.188 1.571 -0.127552 -0.160525 0.967309
-0.746 -24.188 1.455 -0.373064 -0.164353 0.900724
4
0.709 -26.702 0.745 -0.00971153 -0.17144 -0.0122899
1.414 -24.188 1.07 0.672309 -0.191797 0.671852
0.746 -24.188 1.455 0.373064 -0.164353 0.900724
0.452 -26.702 0.893 -0.00511669 -0.160612 -0.0121296
4
-0.709 -26.702 0.745 0.00971153 -0.17144 -0.0122899
-0.452 -26.702 0.893 0.00511669 -0.160612 -0.0121296
-0.746 -24.188 1.455 -0.373064 -0.164353 0.900724
-1.414 -24.188 1.07 -0.672309 -0.191797 0.671852
3
0.709 -26.702 0.745 -0.00971153 -0.17144 -0.0122899
0.925 -26.702 0.528 -0.0130956 -0.178183 -0.01099
1.414 -24.188 1.07 0.672309 -0.191797 0.671852
3
-0.925 -26.702 0.528 0.0130956 -0.178183 -0.01099
-0.709 -26.702 0.745 0.00971153 -0.17144 -0.0122899
-1.414 -24.188 1.07 -0.672309 -0.191797 0.671852
4
1.064 -26.702 0.288 -0.0156456 -0.18089 -0.00700931
1.806 -24.188 0.389 0.918175 -0.186764 0.245316
1.414 -24.188 1.07 0.672309 -0.191797 0.671852
0.925 -26.702 0.528 -0.0130956 -0.178183 -0.01099
4
-1.064 -26.702 0.288 0.0156456 -0.18089 -0.00700931
-0.925 -26.702 0.528 0.0130956 -0.178183 -0.01099
-1.414 -24.188 1.07 -0.672309 -0.191797 0.671852
-1.806 -24.188 0.389 -0.918175 -0.186764 0.245316
3
1.064 -26.702 0.288 -0.0156456 -0.18089 -0.00700931
1.141 -26.702 0 -0.0162164 -0.17979 -0.00239396
1.806 -24.188 0.389 0.918175 -0.186764 0.245316
3
-1.141 -26.702 0 0.0162164 -0.17979 -0.00239396
-1.064 -26.702 0.288 0.0156456 -0.18089 -0.00700931
-1.806 -24.188 0.389 -0.918175 -0.186764 0.245316
4
1.141 -26.702 -0.3 -0.0175725 -0.186927 0.00345328
1.806 -24.188 -0.942 0.962569 -0.166814 -0.125536
1.806 -24.188 0.389 0.918175 -0.186764 0.245316
1.141 -26.702 0 -0.0162164 -0.17979 -0.00239396
4
-1.141 -26.702 -0.3 0.0175725 -0.186927 0.00345328
-1.141 -26.702 0 0.0162164 -0.17979 -0.00239396
-1.806 -24.188 0.389 -0.918175 -0.186764 0.245316
-1.806 -24.188 -0.942 -0.962569 -0.166814 -0.125536
4
1.064 -26.702 -0.587 -0.021936 -0.208701 0.0101744
1.728 -24.188 -1.236 0.814847 -0.218008 -0.469852
1.806 -24.188 -0.942 0.962569 -0.166814 -0.125536
1.141 -26.702 -0.3 -0.0175725 -0.186927 0.00345328
4
-1.064 -26.702 -0.587 0.021936 -0.208701 0.0101744
-1.141 -26.702 -0.3 0.0175725 -0.186927 0.00345328
-1.806 -24.188 -0.942 -0.962569 -0.166814 -0.125536
-1.728 -24.188 -1.236 -0.814847 -0.218008 -0.469852
3
1.064 -26.702 -0.587 -0.021936 -0.208701 0.0101744
0.916 -26.702 -0.843 -0.020658 -0.213753 0.0146218
1.728 -24.188 -1.236 0.814847 -0.218008 -0.469852
3
-0.916 -26.702 -0.843 0.020658 -0.213753 0.0146218
-1.064 -26.702 -0.587 0.021936 -0.208701 0.0101744
-1.728 -24.188 -1.236 -0.814847 -0.218008 -0.469852
4
0.69 -26.702 -1.07 -0.0147325 -0.209396 0.0178034
1.256 -24.188 -1.707 0.471431 -0.203582 -0.818846
1.728 -24.188 -1.236 0.814847 -0.218008 -0.469852
0.916 -26.702 -0.843 -0.020658 -0.213753 0.0146218
4
-0.69 -26.702 -1.07 0.0147325 -0.209396 0.0178034
-0.916 -26.702 -0.843 0.020658 -0.213753 0.0146218
-1.728 -24.188 -1.236 -0.814847 -0.218008 -0.469852
-1.256 -24.188 -1.707 -0.471431 -0.203582 -0.818846
3
0.69 -26.702 -1.07 -0.0147325 -0.209396 0.0178034
0.452 -26.702 -1.207 -0.00733296 -0.196258 0.0173644
1.256 -24.188 -1.707 0.471431 -0.203582 -0.818846
3
-0.452 -26.702 -1.207 0.00733296 -0.196258 0.0173644
-0.69 -26.702 -1.07 0.0147325 -0.209396 0.0178034
-1.256 -24.188 -1.707 -0.471431 -0.203582 -0.818846
4
0.149 -26.702 -1.288 -0.00163266 -0.175591 0.01289
0.594 -24.188 -1.885 0.127303 -0.150081 -0.966802
1.256 -24.188 -1.707 0.471431 -0.203582 -0.818846
0.452 -26.702 -1.207 -0.00733296 -0.196258 0.0173644
4
-0.149 -26.702 -1.288 0.00163266 -0.175591 0.01289
-0.452 -26.702 -1.207 0.00733296 -0.196258 0.0173644
-1.256 -24.188 -1.707 -0.471431 -0.203582 -0.818846
-0.594 -24.188 -1.885 -0.127303 -0.150081 -0.966802
4
-0.149 -26.702 -1.288 0.00163266 -0.175591 0.01289
-0.594 -24.188 -1.885 -0.127303 -0.150081 -0.966802
0.594 -24.188 -1.885 0.127303 -0.150081 -0.966802
0.149 -26.702 -1.288 -0.00163266 -0.175591 0.01289
8
2.513 12.692 1.649 -0.774624 0.202863 0.256175
2.67 12.722 1.806 -0.302424 0.289647 0.59405
3.691 12.722 1.806 0.300757 0.289724 0.594996
3.848 12.692 1.649 0.644704 0.266421 0.252375
3.848 12.251 -0.628 0.63944 0.288638 -0.349606
3.691 12.221 -0.785 0.29721 0.336389 -0.687867
2.67 12.221 -0.785 -0.296993 0.336363 -0.687996
2.513 12.251 -0.628 -0.740446 0.224291 -0.377139
8
-3.848 12.692 1.649 -0.644704 0.266421 0.252375
-3.691 12.722 1.806 -0.300757 0.289724 0.594996
-2.67 12.722 1.806 0.302424 0.289647 0.59405
-2.513 12.692 1.649 0.774624 0.202863 0.256175
-2.513 12.251 -0.628 0.740446 0.224291 -0.377139
-2.67 12.221 -0.785 0.296993 0.336363 -0.687996
-3.691 12.221 -0.785 -0.29721 0.336389 -0.687867
-3.848 12.251 -0.628 -0.63944 0.288638 -0.349605
0.000000 0.000000 0.000000
39
4
0.196 13.822 4.476 0.128451 0.0528849 0.978243
0.196 15.974 4.175 0.00172109 0.0111045 0.336562
-0.193 15.974 4.175 0 0.138521 0.990359
-0.196 13.822 4.476 -0.128451 0.0528849 0.978243
4
-0.589 13.822 4.371 -0.377683 0.0493058 0.912032
-0.196 13.822 4.476 -0.128451 0.0528849 0.978243
-0.196 15.974 4.175 -0.00258164 -0.0526039 0.00966269
-0.589 15.974 4.07 -0.00374228 -0.0501698 0.00811517
4
0.589 13.822 4.371 0.377683 0.0493058 0.912032
0.589 15.974 4.07 0.00374228 -0.0501698 0.00811517
0.196 15.974 4.175 0.00172109 0.0111045 0.336562
0.196 13.822 4.476 0.128451 0.0528849 0.978243
4
-0.974 13.822 4.149 -0.601879 0.0424961 0.783906
-0.589 13.822 4.371 -0.377683 0.0493058 0.912032
-0.589 15.974 4.07 -0.00374228 -0.0501698 0.00811517
-0.974 15.974 3.847 -0.00401029 -0.0426355 0.00537926
4
0.974 13.822 4.149 0.601879 0.0424961 0.783906
0.974 15.974 3.847 0.00401029 -0.0426355 0.00537926
0.589 15.974 4.07 0.00374228 -0.0501698 0.00811517
0.589 13.822 4.371 0.377683 0.0493058 0.912032
4
-1.298 13.822 3.825 -0.78483 0.0327912 0.602789
-0.974 13.822 4.149 -0.601879 0.0424961 0.783906
-0.974 15.974 3.847 -0.00401029 -0.0426355 0.00537926
-1.298 15.974 3.523 -0.00276883 -0.0329016 0.00279576
4
1.298 13.822 3.825 0.78483 0.0327912 0.602789
1.298 15.974 3.523 0.00276883 -0.0329016 0.00279576
0.974 15.974 3.847 0.00401029 -0.0426355 0.00537926
0.974 13.822 4.149 0.601879 0.0424961 0.783906
4
-1.489 13.822 3.495 -0.914976 0.0206254 0.379518
-1.298 13.822 3.825 -0.78483 0.0327912 0.602789
-1.298 15.974 3.523 -0.00276883 -0.0329016 0.00279576
-1.489 15.974 3.193 -0.00157474 -0.0215179 0.000798069
4
1.489 13.822 3.495 0.914976 0.0206254 0.379518
1.489 15.974 3.193 0.00157474 -0.0215179 0.000798069
1.298 15.974 3.523 0.00276883 -0.0329016 0.00279576
1.298 13.822 3.825 0.78483 0.0327912 0.602789
4
-1.571 13.822 3.189 -0.982793 0.0070349 0.129376
-1.489 13.822 3.495 -0.914976 0.0206254 0.379518
-1.489 15.974 3.193 -0.00157474 -0.0215179 0.000798069
-1.571 15.974 2.887 -0.000364751 -0.00738395 9.77367e-05
4
1.571 13.822 3.189 0.982793 0.0070349 0.129376
1.571 15.974 2.887 0.000364751 -0.00738395 9.77367e-05
1.489 15.974 3.193 0.00157474 -0.0215179 0.000798069
1.489 13.822 3.495 0.914976 0.0206254 0.379518
4
-1.571 13.822 2.435 -0.5 0 0.5
-1.571 13.822 3.189 -0.982793 0.0070349 0.129376
-1.571 15.974 2.887 -0.000364751 -0.00738395 9.77367e-05
-1.571 15.974 2.435 0 0 0.5
4
1.571 13.822 2.435 0.5 0 0.5
1.571 15.974 2.435 0 0 0.5
1.571 15.974 2.887 0.000364751 -0.00738395 9.77367e-05
1.571 13.822 3.189 0.982793 0.0070349 0.129376
4
0.197 11.309 4.398 0.0645862 0.449469 0.675844
0.196 13.822 4.476 0.128451 0.0528849 0.978243
-0.196 13.822 4.476 -0.128451 0.0528849 0.978243
-0.197 11.309 4.398 -0.0847315 0.289764 0.777423
4
-0.589 11.35 4.294 -0.25118 0.291114 0.732911
-0.197 11.309 4.398 -0.0847315 0.289764 0.777423
-0.196 13.822 4.476 -0.128451 0.0528849 0.978243
-0.589 13.822 4.371 -0.377683 0.0493058 0.912032
4
0.589 11.35 4.294 0.251293 0.29058 0.734257
0.589 13.822 4.371 0.377683 0.0493058 0.912032
0.196 13.822 4.476 0.128451 0.0528849 0.978243
0.197 11.309 4.398 0.0645862 0.449469 0.675844
4
-0.974 11.438 4.075 -0.400823 0.293756 0.646663
-0.589 11.35 4.294 -0.25118 0.291114 0.732911
-0.589 13.822 4.371 -0.377683 0.0493058 0.912032
-0.974 13.822 4.149 -0.601879 0.0424961 0.783906
4
0.974 11.438 4.075 0.400936 0.293222 0.648009
0.974 13.822 4.149 0.601879 0.0424961 0.783906
0.589 13.822 4.371 0.377683 0.0493058 0.912032
0.589 11.35 4.294 0.251293 0.29058 0.734257
4
-1.298 11.566 3.754 -0.522834 0.297493 0.524958
-0.974 11.438 4.075 -0.400823 0.293756 0.646663
-0.974 13.822 4.149 -0.601879 0.0424961 0.783906
-1.298 13.822 3.825 -0.78483 0.0327912 0.602789
4
1.298 11.566 3.754 0.522947 0.296959 0.526304
1.298 13.822 3.825 0.78483 0.0327912 0.602789
0.974 13.822 4.149 0.601879 0.0424961 0.783906
0.974 11.438 4.075 0.400936 0.293222 0.648009
4
-1.489 11.697 3.428 -0.609151 0.302087 0.375591
-1.298 11.566 3.754 -0.522834 0.297493 0.524958
-1.298 13.822 3.825 -0.78483 0.0327912 0.602789
-1.489 13.822 3.495 -0.914976 0.0206254 0.379518
4
1.489 11.697 3.428 0.609264 0.301553 0.376936
1.489 13.822 3.495 0.914976 0.0206254 0.379518
1.298 13.822 3.825 0.78483 0.0327912 0.602789
1.298 11.566 3.754 0.522947 0.296959 0.526304
4
-1.571 11.818 3.126 -0.654025 0.307342 0.208634
-1.489 11.697 3.428 -0.609151 0.302087 0.375591
-1.489 13.822 3.495 -0.914976 0.0206254 0.379518
-1.571 13.822 3.189 -0.982793 0.0070349 0.129376
4
1.571 11.818 3.126 0.654138 0.306808 0.20998
1.571 13.822 3.189 0.982793 0.0070349 0.129376
1.489 13.822 3.495 0.914976 0.0206254 0.379518
1.489 11.697 3.428 0.609264 0.301553 0.376936
4
-1.571 12.094 2.435 -0.399932 0.371754 0.347635
-1.571 11.818 3.126 -0.654025 0.307342 0.208634
-1.571 13.822 3.189 -0.982793 0.0070349 0.129376
-1.571 13.822 2.435 -0.5 0 0.5
4
1.571 12.094 2.435 0.332175 0.309528 0.457035
1.571 13.822 2.435 0.5 0 0.5
1.571 13.822 3.189 0.982793 0.0070349 0.129376
1.571 11.818 3.126 0.654138 0.306808 0.20998
4
0.196 16.178 4.123 -0.00318117 0.163193 0.297576
0.196 20.419 2.435 0.0602725 0.182175 0.957703
-0.196 20.419 2.435 -0.0602725 0.182175 0.957703
-0.196 16.178 4.123 0.00318117 0.163193 0.297576
4
-0.589 16.178 4.018 0.00622613 0.0575244 -0.0158527
-0.196 16.178 4.123 0.00318117 0.163193 0.297576
-0.196 20.419 2.435 -0.0602725 0.182175 0.957703
-0.589 20.155 2.435 -0.207786 0.185145 0.933321
4
0.589 16.178 4.018 -0.00622613 0.0575244 -0.0158527
0.589 20.155 2.435 0.207786 0.185145 0.933321
0.196 20.419 2.435 0.0602725 0.182175 0.957703
0.196 16.178 4.123 -0.00318117 0.163193 0.297576
4
-0.974 16.178 3.796 0.00790973 0.0518221 -0.0105143
-0.589 16.178 4.018 0.00622613 0.0575244 -0.0158527
-0.589 20.155 2.435 -0.207786 0.185145 0.933321
-0.974 19.597 2.435 -0.401522 0.194589 0.85739
4
0.974 16.178 3.796 -0.00790973 0.0518221 -0.0105143
0.974 19.597 2.435 0.401522 0.194589 0.85739
0.589 20.155 2.435 0.207786 0.185145 0.933321
0.589 16.178 4.018 -0.00622613 0.0575244 -0.0158527
4
-1.298 16.178 3.471 0.00653276 0.0414588 -0.00511478
-0.974 16.178 3.796 0.00790973 0.0518221 -0.0105143
-0.974 19.597 2.435 -0.401522 0.194589 0.85739
-1.298 18.782 2.435 -0.440035 0.13382 0.798536
4
1.298 16.178 3.471 -0.00653276 0.0414588 -0.00511478
1.298 18.782 2.435 0.440035 0.13382 0.798536
0.974 19.597 2.435 0.401522 0.194589 0.85739
0.974 16.178 3.796 -0.00790973 0.0518221 -0.0105143
4
-1.489 16.178 3.141 0.00324114 0.0264023 -0.00145438
-1.298 16.178 3.471 0.00653276 0.0414588 -0.00511478
-1.298 18.782 2.435 -0.440035 0.13382 0.798536
-1.489 17.953 2.435 -0.692677 0.103401 0.586743
4
1.489 16.178 3.141 -0.00324114 0.0264023 -0.00145438
1.489 17.953 2.435 0.692677 0.103401 0.586743
1.298 18.782 2.435 0.440035 0.13382 0.798536
1.298 16.178 3.471 -0.00653276 0.0414588 -0.00511478
4
-1.571 16.178 2.835 0.000777841 0.00918499 -9.66266e-05
-1.489 16.178 3.141 0.00324114 0.0264023 -0.00145438
-1.489 17.953 2.435 -0.692677 0.103401 0.586743
-1.571 17.185 2.435 -0.765064 0.0416871 0.447211
4
1.571 16.178 2.835 -0.000777841 0.00918499 -9.66266e-05
1.571 17.185 2.435 0.765064 0.0416871 0.447211
1.489 17.953 2.435 0.692677 0.103401 0.586743
1.489 16.178 3.141 -0.00324114 0.0264023 -0.00145438
3
-1.571 16.178 2.435 -0.288826 0 0.499739
-1.571 16.178 2.835 0.000777841 0.00918499 -9.66266e-05
-1.571 17.185 2.435 -0.765064 0.0416871 0.447211
3
1.571 16.178 2.835 -0.000777841 0.00918499 -9.66266e-05
1.571 16.178 2.435 0.288826 0 0.499739
1.571 17.185 2.435 0.765064 0.0416871 0.447211
0.800000 0.500000 0.200000
24
3
-0.151 -26.702 0.974 0.00180928 -0.156758 -0.012212
0 -14.293 0 0 -0.091205 -0.000502445
0.151 -26.702 0.974 -0.00180928 -0.156758 -0.012212
3
0.151 -26.702 0.974 -0.00180928 -0.156758 -0.012212
0 -14.293 0 0 -0.091205 -0.000502445
0.452 -26.702 0.893 -0.00511669 -0.160612 -0.0121296
3
-0.452 -26.702 0.893 0.00511669 -0.160612 -0.0121296
0 -14.293 0 0 -0.091205 -0.000502445
-0.151 -26.702 0.974 0.00180928 -0.156758 -0.012212
3
0.452 -26.702 0.893 -0.00511669 -0.160612 -0.0121296
0 -14.293 0 0 -0.091205 -0.000502445
0.709 -26.702 0.745 -0.00971153 -0.17144 -0.0122899
3
-0.709 -26.702 0.745 0.00971153 -0.17144 -0.0122899
0 -14.293 0 0 -0.091205 -0.000502445
-0.452 -26.702 0.893 0.00511669 -0.160612 -0.0121296
3
0.709 -26.702 0.745 -0.00971153 -0.17144 -0.0122899
0 -14.293 0 0 -0.091205 -0.000502445
0.925 -26.702 0.528 -0.0130956 -0.178183 -0.01099
3
-0.925 -26.702 0.528 0.0130956 -0.178183 -0.01099
0 -14.293 0 0 -0.091205 -0.000502445
-0.709 -26.702 0.745 0.00971153 -0.17144 -0.0122899
3
0.925 -26.702 0.528 -0.0130956 -0.178183 -0.01099
0 -14.293 0 0 -0.091205 -0.000502445
1.064 -26.702 0.288 -0.0156456 -0.18089 -0.00700931
3
-1.064 -26.702 0.288 0.0156456 -0.18089 -0.00700931
0 -14.293 0 0 -0.091205 -0.000502445
-0.925 -26.702 0.528 0.0130956 -0.178183 -0.01099
3
1.064 -26.702 0.288 -0.0156456 -0.18089 -0.00700931
0 -14.293 0 0 -0.091205 -0.000502445
1.141 -26.702 0 -0.0162164 -0.17979 -0.00239396
3
-1.141 -26.702 0 0.0162164 -0.17979 -0.00239396
0 -14.293 0 0 -0.091205 -0.000502445
-1.064 -26.702 0.288 0.0156456 -0.18089 -0.00700931
3
1.141 -26.702 0 -0.0162164 -0.17979 -0.00239396
0 -14.293 0 0 -0.091205 -0.000502445
1.141 -26.702 -0.3 -0.0175725 -0.186927 0.00345328
3
-1.141 -26.702 -0.3 0.0175725 -0.186927 0.00345328
0 -14.293 0 0 -0.091205 -0.000502445
-1.141 -26.702 0 0.0162164 -0.17979 -0.00239396
3
1.141 -26.702 -0.3 -0.0175725 -0.186927 0.00345328
0 -14.293 0 0 -0.091205 -0.000502445
1.064 -26.702 -0.587 -0.021936 -0.208701 0.0101744
3
-1.064 -26.702 -0.587 0.021936 -0.208701 0.0101744
0 -14.293 0 0 -0.091205 -0.000502445
-1.141 -26.702 -0.3 0.0175725 -0.186927 0.00345328
3
1.064 -26.702 -0.587 -0.021936 -0.208701 0.0101744
0 -14.293 0 0 -0.091205 -0.000502445
0.916 -26.702 -0.843 -0.020658 -0.213753 0.0146218
3
-0.916 -26.702 -0.843 0.020658 -0.213753 0.0146218
0 -14.293 0 0 -0.091205 -0.000502445
-1.064 -26.702 -0.587 0.021936 -0.208701 0.0101744
3
0.916 -26.702 -0.843 -0.020658 -0.213753 0.0146218
0 -14.293 0 0 -0.091205 -0.000502445
0.69 -26.702 -1.07 -0.0147325 -0.209396 0.0178034
3
-0.69 -26.702 -1.07 0.0147325 -0.209396 0.0178034
0 -14.293 0 0 -0.091205 -0.000502445
-0.916 -26.702 -0.843 0.020658 -0.213753 0.0146218
3
0.69 -26.702 -1.07 -0.0147325 -0.209396 0.0178034
0 -14.293 0 0 -0.091205 -0.000502445
0.452 -26.702 -1.207 -0.00733296 -0.196258 0.0173644
3
-0.452 -26.702 -1.207 0.00733296 -0.196258 0.0173644
0 -14.293 0 0 -0.091205 -0.000502445
-0.69 -26.702 -1.07 0.0147325 -0.209396 0.0178034
3
0.452 -26.702 -1.207 -0.00733296 -0.196258 0.0173644
0 -14.293 0 0 -0.091205 -0.000502445
0.149 -26.702 -1.288 -0.00163266 -0.175591 0.01289
3
-0.149 -26.702 -1.288 0.00163266 -0.175591 0.01289
0 -14.293 0 0 -0.091205 -0.000502445
-0.452 -26.702 -1.207 0.00733296 -0.196258 0.0173644
3
0.149 -26.702 -1.288 -0.00163266 -0.175591 0.01289
0 -14.293 0 0 -0.091205 -0.000502445
-0.149 -26.702 -1.288 0.00163266 -0.175591 0.01289
0.800000 0.200000 0.200000
