500
75 22018
75 61893
75 28055
75 33985
75 37467
75 3372
75 7403
75 4678
75 41661
75 30385
75 34538
75 27870
75 45461
75 58956
75 9637
75 51383
75 8067
75 52278
75 25446
75 9251
75 12518
75 63456
75 44629
75 52514
75 22362
75 29862
75 45213
75 54667
75 41420
75 5147
75 192
75 53692
75 58684
75 10838
75 49217
75 60760
75 24338
75 1596
75 36456
75 1518
75 6918
75 22075
75 52530
75 12026
75 9575
75 25411
75 2622
75 63315
75 43469
75 7352
75 30670
75 32559
75 311
75 53985
75 13715
75 26887
75 49991
75 61114
75 20354
75 29807
75 17366
75 3249
75 11327
75 20264
75 149
75 62221
75 36235
75 18319
75 41940
75 21428
75 36370
75 55452
75 34366
75 51698
75 59672
75 35493
75 30364
75 54784
75 61825
75 60180
75 30573
75 10479
75 35461
75 33333
75 856
75 29364
75 25501
75 13659
75 14958
75 61167
75 4602
75 2190
75 264
75 8760
75 62766
75 58325
75 4713
75 5778
75 53030
75 6520
75 14817
75 7852
75 43317
75 11588
75 50799
75 55489
75 12383
75 4629
75 16881
75 38555
75 11917
75 5588
75 32674
75 395
75 743
75 28428
75 19702
75 3577
75 61153
75 14940
75 37055
75 19254
75 11381
75 19172
75 12161
75 14163
75 20178
75 483
75 40674
75 57237
75 21524
75 23225
75 29518
75 43850
75 47469
75 29040
75 49014
75 11680
75 45086
75 43797
75 40170
75 6209
75 15569
75 49149
75 51069
75 21834
75 1432
75 60706
75 32395
75 608
75 55848
75 26838
75 46086
75 30610
75 40116
75 26114
75 45104
75 21944
75 23239
75 57350
75 14329
75 26338
75 41641
75 28290
75 14588
75 30409
75 56999
75 4913
75 23809
75 4510
75 22206
75 47354
75 13278
75 61235
75 61456
75 14473
75 25053
75 33532
75 34454
75 7024
75 48481
75 54440
75 26754
75 39463
75 37844
75 40471
75 12223
75 58376
75 61139
75 44584
75 37616
75 49534
75 25969
75 20815
75 7299
75 7579
75 60577
75 6512
75 34077
75 22317
75 35979
75 32209
75 50159
75 63659
75 11252
75 28245
75 39168
75 23926
75 36219
75 18729
75 26245
75 47508
75 17061
75 9047
75 36924
75 10127
75 36069
75 27129
75 49315
75 56315
75 40571
75 46985
75 47643
75 49899
75 62399
75 54422
75 36946
75 36030
75 21145
75 22876
75 30362
75 20323
75 7014
75 29372
75 39073
75 15141
75 1329
75 4610
75 62846
75 54985
75 8633
75 51180
75 47225
75 43022
75 6452
75 55897
75 61333
75 26731
75 46639
75 42252
75 22292
75 60676
75 42385
75 53016
75 52290
75 62411
75 22827
75 48932
75 26254
75 5292
75 21569
75 36159
75 41635
75 11159
75 38264
75 9954
75 39989
75 15366
75 33223
75 19112
75 63524
75 35508
75 22731
75 24827
75 18571
75 22598
75 46475
75 20795
75 25452
75 15417
75 1018
75 26665
75 10272
75 28516
75 58081
75 41803
75 7833
75 34752
75 39362
75 59512
75 27934
75 46325
75 40817
75 38715
75 40877
75 13256
75 38661
75 6844
75 54709
75 46758
75 27579
75 60842
75 51579
75 2299
75 3907
75 55700
75 11485
75 5954
75 9422
75 10090
75 55633
75 24846
75 9795
75 3149
75 51444
75 23752
75 53626
75 32372
75 37151
75 41801
75 38127
75 14637
75 40059
75 3317
75 39442
75 16360
75 6403
75 4774
75 21553
75 62752
75 16842
75 59883
75 9856
75 60237
75 33579
75 44811
75 55325
75 13958
75 57094
75 41504
75 51325
75 50440
75 2528
75 29157
75 9042
75 43352
75 45655
75 17801
75 21534
75 16413
75 44516
75 22004
75 10413
75 33415
75 2651
75 8719
75 21147
75 45364
75 51973
75 49237
75 8993
75 4762
75 1252
75 41274
75 9549
75 13002
75 243
75 63184
75 19940
75 42891
75 61415
75 22299
75 36610
75 26297
75 53331
75 43376
75 23764
75 40928
75 19633
75 3200
75 2417
75 42227
75 5661
75 41282
75 34075
75 26389
75 14694
75 4702
75 33040
75 6526
75 43819
75 41067
75 13336
75 47918
75 53420
75 41598
75 272
75 436
75 12303
75 20344
75 20614
75 6045
75 426
75 27510
75 41387
75 11461
75 63278
75 18922
75 15319
75 3928
75 55864
75 7620
75 30881
75 32108
75 2321
75 23553
75 20975
75 2110
75 57172
75 15434
75 52229
75 38641
75 18176
75 52686
75 8946
75 57270
75 36833
75 1532
75 13633
75 41838
75 44497
75 57211
75 14204
75 56967
75 52116
75 26309
75 7768
75 17727
75 57604
75 21219
75 35071
75 38393
75 54829
75 12733
75 7540
75 38352
75 30233
75 6745
75 36969
75 3124
75 57069
75 19092
75 49827
75 26508
75 53280
75 14516
75 60176
75 59864
75 16973
75 7745
75 11239
75 30501
75 49557
75 44708
75 47569
75 63208
75 20467
75 5868
75 63860
75 58893
75 39543
75 37688
75 32374
75 28376
75 55016
75 18211
75 18997
75 51258
75 63126
75 14776
75 45920
75 41975
75 15372
75 11846
75 54940
75 48922
75 13362
75 34979
75 1391
75 52745
75 5327
75 36907
75 12702
75 53723
75 22219
75 31752
75 1571
75 54307
75 39465
75 35358
