2000
26135 9438
49530 37725
19127 31081
17612 15961
43340 56946
30614 43182
56543 54200
19387 53889
5944 58663
13143 25895
35667 7889
48987 54711
33883 30389
118 19081
37547 44954
24618 11618
36762 52122
891 52588
56774 35764
59715 4805
19594 24799
2920 63649
7229 1018
38694 52225
44557 11057
47510 7626
23825 40477
688 32340
40749 7977
25569 40766
36272 13727
51317 62870
37924 47834
25354 6950
22815 60924
58418 55542
56254 50852
16231 20440
47989 43542
27811 46842
36075 5944
20409 32629
20368 17126
7043 24762
63637 31475
4702 46799
2315 8043
29131 19553
60854 60002
4278 20858
47731 54229
32327 10473
27053 43026
30401 34100
15809 61942
11852 32538
729 35747
18194 13954
778 54506
19659 35274
61284 33805
6376 46725
33659 45073
12174 5463
50788 10043
37018 56358
16008 45354
58053 33893
39729 23243
31295 3178
13674 18391
9926 6112
752 14883
25231 26643
14543 31293
48149 5174
34420 61891
61452 20092
46292 31985
48555 18397
58961 61383
56938 45499
14131 17969
14206 36098
52012 63426
30768 52219
26569 21063
35139 30358
12381 35780
51874 51745
57145 36155
32118 5760
25784 20651
34788 44446
30194 21956
52381 58153
50606 43440
23395 18325
10584 37747
29395 57387
63639 29495
2682 19772
49475 4126
30604 42073
53850 48854
6485 40307
6069 47764
33178 46329
56110 57008
9245 39334
49352 22155
59762 62528
32956 27639
49751 38885
47850 60356
34229 12057
52344 29372
10895 34383
23381 47752
61428 44055
57393 54532
15422 41377
4799 62795
42938 10172
60127 47887
29680 22303
49751 57754
36807 35317
55249 7401
19362 13227
50415 59473
17317 8403
37862 28981
17266 2598
27268 58118
58723 41102
61243 39233
39047 10001
14821 31917
47006 38594
14577 48206
38954 44901
51372 43926
7627 46319
16715 26145
33588 9395
16762 26768
25270 28723
17926 44241
9657 56965
22122 23389
11596 40008
17635 39379
63717 63225
7616 51801
24995 18887
2190 34889
5924 672
20204 41842
54331 39329
50594 49297
27790 1438
19377 35913
34694 57313
32270 13077
1924 44030
42926 13743
31157 49571
48807 13393
37792 32098
28672 45124
14510 32348
19700 34858
53454 9168
60227 2674
61026 24145
12116 28278
27327 61401
12745 50581
16204 16471
34631 51409
33930 36340
6667 53346
30514 16590
62987 33696
63629 37665
5471 16553
47163 34278
41842 61032
10399 31930
29428 23594
33825 12565
54516 28508
19557 39333
25348 52440
62403 22493
20741 5157
43530 12444
32325 56376
44780 17858
10415 30709
13592 42971
3499 52760
20563 45967
21352 48336
51620 508
51792 27774
36833 18383
53028 37411
17840 11278
31670 41165
3905 1676
28334 26247
58586 48885
56887 19001
39061 4176
11323 48856
42038 45067
34237 2420
18317 26719
16963 45692
57977 8450
5301 20387
165 57399
52889 28407
61538 23286
16198 34426
49317 10319
9145 60598
4958 211
27340 19393
36467 56338
35944 54557
9325 10999
55174 52204
54040 1825
1411 24020
329 55299
33940 24602
39924 19407
13331 24918
24006 27401
37415 3899
17249 42715
20911 40133
26504 10971
28663 25723
54110 1141
32514 235
57815 5811
33792 22782
7334 62586
53426 4243
3534 46606
35694 17592
10225 52206
63588 36370
60608 9672
35805 3251
40311 31163
35362 10774
37084 3711
27844 24167
39096 51383
55268 16311
35866 553
11575 8827
7815 46297
37747 57282
26452 49917
46549 58532
15174 49590
54897 58178
32698 54147
25852 40155
53112 37961
2235 4442
40557 62977
1868 18893
60538 37862
8440 27209
9836 272
40008 59010
51088 48254
53106 48059
53944 38776
48487 32588
24883 35360
8491 7768
19639 22870
32043 12286
48260 63403
41264 39059
2784 51317
1715 32075
53540 49372
30264 7348
8088 44012
52577 48004
62766 37756
48239 19497
32868 20731
33491 34938
3459 35309
51602 44563
62790 3889
24860 27313
12368 45790
58184 54547
43622 57276
24374 39885
11215 48711
44973 45151
20979 12821
56764 60481
26454 50100
13879 516
84 37333
3549 50751
37012 13237
33469 57981
37510 55251
48788 18907
54042 53415
727 40831
52930 11403
12827 36493
48672 676
18805 23042
868 13747
6053 7112
47766 58581
46760 6040
18452 36122
34643 19196
13651 62940
37323 51448
37159 13002
30311 2743
19891 28575
50631 37827
10569 6245
48059 34071
19022 65
23991 1438
54116 59836
55932 8571
34307 38497
29618 36991
48829 62649
20758 25450
7487 24213
60399 14381
53094 3190
33915 12491
6528 43569
47627 7459
50399 40346
29055 62792
25372 15672
46766 26766
57079 6135
51881 11526
15690 31143
15188 16288
14075 4461
57879 44682
22627 58856
13932 50208
38678 57862
6081 35823
40557 44694
1452 25653
12278 18254
56797 42829
36831 18297
51364 3446
40122 61692
41387 44651
15522 15819
34200 44856
55051 39106
59991 6065
57182 10663
43155 56346
37266 51065
31295 14411
14594 44245
27838 26325
18067 6518
50272 40350
16510 44737
44022 13899
59598 21551
17932 26620
51413 37819
31393 17614
18616 58127
15077 48770
39262 45432
15305 44217
54223 18844
12043 35926
7243 56520
28520 57401
23622 41684
2463 11532
49516 5786
8971 62545
5872 34762
49004 22100
6973 16442
57501 7487
33629 51073
49120 9969
18975 10959
31614 11247
56903 31249
52809 14042
27116 33815
11235 24799
10805 2299
44356 58542
22963 6243
36448 11811
51299 28370
20084 49768
15811 985
13254 9393
62948 41491
42108 834
40430 13043
43317 4854
38668 323
12077 8428
12821 58428
25713 12446
51477 56907
60934 45555
9956 24903
2686 30116
10241 27422
18659 18292
13536 42743
33391 4258
31434 22928
12022 22538
13739 31481
43649 58461
18877 116
14329 32758
24967 22655
35692 26260
51493 24059
11180 46743
13606 42565
17920 15881
43057 26967
14211 46346
57758 3014
38645 23002
17948 22930
50848 30251
35008 48067
3844 63491
42889 10672
2053 54704
54167 12793
46905 58165
6715 12299
56083 26274
31022 42024
42385 45530
16106 56049
50227 14602
8084 1094
55751 18547
63344 39045
4569 61147
2348 46600
1135 25364
54065 46042
55731 59936
21026 53141
43086 22079
3004 36174
46622 30325
53313 8079
14313 53483
13749 49717
52188 13731
38129 30282
25442 57815
42487 38819
49172 42395
63870 12876
26758 63504
21762 26268
9848 52129
32157 41993
49969 9928
24215 16233
35784 59065
1590 55526
41940 24165
18340 41016
19583 24405
59497 21872
58452 1727
48233 23799
50639 47168
41678 62692
49950 27331
5340 33401
28889 52952
60165 7645
7292 35633
16211 35022
22551 2667
46961 45161
19501 55993
38245 32995
25891 45295
41799 37163
51516 17206
7444 29534
12956 38641
7889 57844
17938 8266
26161 55487
31336 38079
7663 44399
24784 35116
14850 17086
15913 25301
34536 31780
11229 41391
43821 62698
26600 29075
12645 11452
7370 1172
977 61567
14106 61981
28606 54131
47963 19733
3581 50571
9678 1178
27260 56545
62182 58299
17993 48975
34848 53141
59424 8182
59360 50784
31424 9174
51194 10415
57645 10034
34747 28549
7692 31446
14075 52364
35942 45348
43258 61155
10959 10702
30395 17926
9563 14387
57219 13102
49497 59233
44344 30358
18735 33165
56126 12588
23418 41469
11155 41987
405 36206
28381 32258
32450 12719
46846 26959
20004 27293
13055 53950
19659 25924
41973 53993
31184 18217
53633 49448
31221 10409
19385 47124
59577 39522
63762 33231
4161 42633
19971 2463
42540 31268
53006 59221
42106 48934
28403 20938
28903 61764
8590 33543
27036 28288
2897 29047
34731 42333
9155 47258
39026 27049
8956 19612
3061 26053
58506 13129
48012 57708
9124 44516
59653 2512
23360 14362
29526 25635
12731 23475
40749 20555
59098 21354
56450 47836
9649 8766
20815 63032
51522 458
46772 11700
8040 9991
48295 57555
58586 30709
63331 37743
48098 18819
49358 23241
24172 44598
13563 54372
63815 41741
27649 33465
43813 24807
29262 20620
40717 12819
48043 58612
30465 16963
54317 28909
21620 34434
4389 8823
60243 22389
48475 31786
24379 50040
3262 40747
54180 26856
39081 24688
63639 36907
19713 40290
11969 37323
20829 44684
20583 14877
41026 9368
29719 62702
23522 49221
682 63116
58452 12653
37708 38594
27807 58881
27452 24854
34975 4327
26116 16053
48936 52133
32188 52145
41053 46827
54799 38323
4512 60075
11731 6614
46374 25598
47022 25590
6243 13184
34211 20204
7594 11844
7213 51745
51682 44079
28797 39930
60108 57280
22717 53116
11989 30254
63444 20627
45776 60872
49540 57227
43672 40840
22647 61700
40692 27598
58104 35555
16342 23348
29192 39874
26924 15194
26997 20262
4463 10424
9903 17944
52268 24903
40715 36961
51100 14596
5393 21526
45991 28223
43424 45461
35667 59026
7815 15807
58596 1667
16704 16514
29680 24256
30608 18293
29553 33497
5292 16569
52510 14963
26254 27563
43065 54491
54846 44516
59127 30708
36020 24012
47809 24678
61688 4446
31854 28680
59717 42608
690 98
46551 6393
48112 58456
29442 61639
50586 15551
20333 35086
4180 20743
15331 27463
58110 39340
17844 10700
18930 10133
23309 15258
51338 32
43565 49602
45594 25848
24842 13774
17586 13192
57383 29112
35501 10495
26682 38081
55139 40153
352 56237
13833 24811
52622 58315
53008 2752
52444 48434
3370 46422
37245 438
50688 34081
34288 26354
52249 32579
15670 10979
61893 33245
932 30592
45706 54920
33309 25790
2315 60100
43588 46442
5827 58215
31610 50790
41376 34020
3379 641
47303 11120
29811 2719
33969 16626
57094 22120
53174 917
26688 5891
16219 54551
62936 6756
30583 16278
6309 56938
37227 30190
34272 22124
58524 58001
47778 17557
30815 32440
13383 16243
19590 1774
26991 63276
47290 31458
49215 46323
11731 44911
62379 52186
13176 9411
23126 3526
31995 9114
40667 53696
42983 35217
26639 49706
20282 59215
14612 53293
22940 27311
11192 38161
7092 21930
770 49282
2758 36379
53887 30385
45280 56608
9227 29532
51372 24118
23237 52823
53799 53979
49364 20239
24692 33981
52924 53606
21459 2907
47596 14668
13358 49928
31540 59317
58667 45137
61133 37905
62485 55184
28342 19731
41178 26053
19719 27604
59415 34971
55004 44569
61858 13415
19387 42739
45465 51276
59362 8249
26418 56118
16215 32356
55680 5590
23161 58633
57172 14942
8065 60321
62581 49668
35819 45778
40786 41295
336 26071
23917 44266
24163 46686
48028 39973
11723 33364
34411 49899
34184 2057
25516 35901
55954 63024
5512 57594
40790 1032
39469 36889
35547 37700
25153 47631
53547 61950
47463 32379
59565 22608
53485 56301
6446 49096
30168 198
33352 50288
42637 58651
7627 45450
35112 49299
56293 17346
32469 51235
53159 29434
4418 58528
27569 37211
30313 14870
36766 7670
26569 27354
59889 32885
58729 13372
55586 27723
52139 50635
37258 41682
51254 44325
51926 6852
33565 45362
44721 15995
44155 25811
7006 16764
40877 61403
6110 16032
24167 47178
46706 360
33461 24264
1792 26573
8258 51776
11321 8485
55801 61834
50430 37719
35374 39717
25315 60682
25237 7133
58723 5641
6182 22618
19063 13940
7708 61063
3157 13331
10827 50354
58600 15438
21501 55159
23760 55346
56684 53811
11383 3307
9012 2342
45848 22573
28104 15627
20028 47366
40485 15663
17778 14959
6159 20954
56065 57885
45764 43053
60694 22280
52403 60198
25688 14331
34047 58084
18276 60876
32616 31772
43508 10108
33633 2704
6501 62411
56551 8852
42297 49323
7670 57995
43376 26618
61694 2116
62745 43524
1911 26922
38704 54051
13001 50502
7200 8458
12459 5086
15825 2833
14659 63958
9430 12813
21520 35467
53368 49409
13829 58186
12362 6975
9151 27178
10999 41292
56399 13399
25840 43776
5006 2217
63174 9817
6733 61065
40374 59241
52098 30213
56891 50889
11426 38663
44881 45340
18538 43178
61436 21735
43043 12426
20452 38745
25286 42258
62129 13649
59881 40100
38083 53561
17909 56483
14086 749
13709 5684
12440 22102
18321 45510
63959 8717
25526 38186
7598 63616
32540 2385
43688 35565
25305 42374
6803 57053
62434 284
28254 44366
7751 5518
42208 53805
29477 55266
37426 28018
8036 56155
44635 58463
58487 61026
33512 17991
53567 18823
53315 9559
33389 51633
23112 37069
27725 819
17651 24323
24958 24301
6858 60112
21618 26950
22950 11428
54571 26118
33178 46797
21825 2278
44192 59747
25956 56805
36038 46377
22161 2872
59766 3090
16944 43471
32688 54417
47411 62565
13227 16975
35213 15356
41424 5559
25088 31690
7043 7352
6049 30579
39327 30260
17184 19844
24348 31374
56088 46897
24016 15551
43915 14629
10686 22135
5063 56446
51403 5784
11473 20405
59770 33432
49561 36497
57436 35377
63778 13038
63223 44497
14774 36202
39854 33575
14225 30655
40334 28766
54243 15346
23934 57184
33440 16391
59807 30614
45606 11102
4241 19340
33018 53135
9510 58116
50362 56768
54381 2243
49290 30288
46221 47788
45604 44528
28749 1915
27055 22506
61387 29346
15778 44202
8276 950
27342 36456
18868 42448
20434 53989
18186 49258
27159 21555
12684 61448
45973 15219
41741 32825
15237 16739
44774 56145
25395 27110
9991 26454
63784 49196
34741 60536
26055 57510
23524 14516
56235 41118
61598 57559
29407 45651
38221 3709
31004 44461
5526 63852
6754 12895
39001 15795
53227 35688
61616 30493
35010 53491
61567 24360
62522 38516
13629 7758
4432 13317
62167 27559
16727 62676
19735 61870
6379 8637
19334 866
11661 50649
30268 7747
57067 56844
11645 49827
56872 24430
13481 45749
53307 35219
15459 58809
19376 48270
29286 62432
24268 31670
62684 51747
55424 7426
23012 27303
39215 63493
54506 48899
58241 34917
43149 13555
27268 60112
63157 59590
41776 50264
51104 34836
21147 45840
33657 18971
52458 10251
26948 17983
56924 10616
37563 52754
56940 39667
51163 39778
49772 44766
54723 45981
61854 58059
42399 59702
29717 33747
51024 51760
17555 54485
47217 44678
33387 901
32139 4016
17877 50254
57846 37829
35758 10202
9288 14252
27881 5692
61924 43217
49911 13002
4969 36286
35606 54876
4254 46604
10776 22795
34727 51004
51813 44391
44559 44198
18887 41952
895 3120
21743 40083
23217 15395
48129 60473
10340 1913
32860 9801
55028 31543
13487 62751
28227 17981
50610 26161
10950 52688
6801 42303
19752 35997
14163 29278
63860 52313
60506 24534
3905 23452
36163 45526
58295 22100
15397 33479
19209 35407
2483 30292
8209 48680
4364 2557
1485 7241
43973 38713
58719 14374
16153 13319
21584 3411
24211 20444
39856 9948
11106 30200
51153 26184
27247 6387
20313 51370
12922 27266
24376 24405
53360 47458
5204 60545
48401 58967
3723 38239
10807 33331
57795 46083
63190 18887
1706 31915
3569 31184
13280 36026
5543 46493
34627 54489
19106 56458
508 18624
14063 45879
24325 24583
40102 43598
43743 19065
5456 44530
59928 35143
4219 16807
24417 56235
6274 48057
59604 26184
59846 12797
2870 43467
12678 30959
48309 41538
29848 11540
4112 17284
18180 63366
27542 45610
3315 3008
35565 54159
17387 61790
13084 4129
7319 61942
16813 3256
49762 59876
48760 36887
38651 46581
5356 59192
27372 39149
4186 2502
7583 9426
14360 62772
50629 23776
52510 51161
41612 39987
62401 25747
60055 55295
36174 33366
61215 51530
7221 23567
40016 47387
24661 4700
35592 23829
59475 32126
6481 32608
16239 34555
22420 61915
56487 28510
34776 33151
63713 22903
55602 14829
55987 35754
7321 3592
56186 37028
9020 62370
9874 47588
41391 37639
52790 16292
12282 29840
53961 25188
60866 6881
16454 60868
10467 54803
5727 29920
47973 39543
35639 24510
3893 45833
54057 44102
15042 47229
10100 11286
7840 45256
17008 55743
16251 27680
16631 48333
52325 23911
47549 23299
7387 55518
10813 22614
29838 3889
35313 40424
1584 24997
16768 9655
31094 61295
8344 60711
9077 40752
36903 34311
16786 16989
62856 14452
16954 48557
1670 31499
41336 31338
12973 61385
8903 50063
15305 6961
4637 54967
40481 19444
24967 5557
1586 14010
19815 55512
40586 17504
5288 708
29579 10276
52967 60364
31655 4139
57856 37315
39389 42459
50920 15418
28965 32366
62272 24065
55911 55084
44977 35836
22465 40401
17481 31274
58579 27245
38667 24782
58514 24403
45530 41643
19112 53350
63493 4176
41635 27223
51321 29002
43274 47887
18690 5450
24262 7163
62356 45071
40616 34157
62965 32292
24501 34719
32487 58194
10227 57034
22256 31399
11864 49329
5668 56104
46485 39711
53471 63223
61032 8127
63708 28665
809 32454
4252 32729
33598 42698
58012 22626
15405 21346
28713 4131
3821 47817
21342 12362
9020 1045
27194 11663
20370 46204
43557 34639
34686 55526
22014 6303
36083 49276
59372 11350
37479 62831
61219 2551
5708 53895
60100 28276
36262 47829
34329 41153
23661 47118
25407 45827
25438 30956
40090 31868
53766 18950
23059 1793
44696 12967
26229 52213
19020 47086
28676 50106
32768 31690
45196 14213
59325 5672
41479 39571
41172 34774
37920 43151
61252 50045
48040 24633
39967 16432
41553 32313
59788 21489
26032 16116
19501 34208
53225 37749
40077 11985
51981 59977
4159 41704
61797 41014
35182 40954
1010 4057
42118 49352
55598 39922
7833 60018
54602 40831
43092 37151
6192 19293
28167 29745
32336 42153
40084 3418
20114 57708
43489 4389
43641 54012
43137 21545
18627 58251
8018 32661
27551 31280
61084 48739
33473 63266
52635 2461
36454 28463
35295 62782
30616 1110
54639 5635
47829 14450
5430 14772
30002 16887
15491 6725
8020 15256
59188 45883
9299 43217
30563 31717
43963 8788
2057 8104
39653 18979
42895 44795
10950 19581
27065 16997
13436 52053
20940 25084
40374 29553
16526 52442
52001 14083
48317 51411
39475 24756
35795 15391
57420 39213
5553 11042
63104 50127
35020 48620
8247 6856
59846 20440
21454 16229
38881 33467
39262 56424
42803 22016
3825 26012
56352 54596
49219 22090
20200 28872
2368 5563
30444 40743
52600 27536
5721 57559
59833 46842
19958 53458
59366 696
34721 4821
9323 54454
37231 7866
58700 28520
21963 44348
22045 40374
53895 41411
42764 15709
43376 7528
43053 42719
46616 58606
6450 55479
17805 52188
35008 52485
18852 51790
51118 40295
4756 59358
5918 12301
62598 45864
16362 48635
30153 62006
12893 15182
12139 51053
47749 35737
16081 41801
13897 63272
33799 23657
52577 44340
6536 53854
15493 26598
39690 26788
27612 39450
49186 39473
4596 57823
37467 15133
42856 7069
53108 30911
48227 54987
8069 11700
9282 60967
6545 44114
49252 28270
15475 36565
62590 45420
42649 43477
54143 26731
36456 43624
26959 41956
33245 42588
24719 9059
22321 57346
6792 52118
54563 20981
33909 42334
667 61520
58471 8200
61004 40887
53483 60760
25129 24001
30102 48010
46879 51979
37819 16428
37133 57469
17268 29612
56167 24126
47647 38063
23647 12174
26780 14077
40252 24143
29795 21770
22918 36684
426 52229
11696 44543
20946 61788
42247 58639
6717 43411
45961 32280
7381 57239
15708 41499
24647 50215
3184 53506
16737 30877
57926 57292
23428 45243
57911 18317
57747 7840
53809 47368
18256 49854
52850 53504
36001 30399
56309 39151
38051 24918
44629 51305
29688 52708
20163 50879
5206 25561
57536 58153
29348 35549
23645 4366
39348 43915
5272 31424
37624 49094
18323 29741
33073 51872
36704 52192
17008 63645
2803 10208
35708 51831
25616 33975
5598 4383
44481 30786
37055 7448
60452 15487
16840 6127
21286 3071
47145 38389
14069 13387
43284 36079
43444 1975
23983 47077
49491 11030
36327 36569
19215 34481
33299 57442
13657 19211
53971 11811
28649 8391
305 49670
23168 16932
575 58659
33336 29081
13432 58961
2038 28127
46586 21338
10157 243
28096 26268
27446 14436
315 50217
61026 643
58434 41049
11487 31936
63668 16540
50651 28864
25061 16028
62918 11907
27907 23188
52278 12063
26819 9930
56913 61567
45391 27422
1444 14715
12524 46241
12803 4834
33334 47639
29719 7366
4723 3952
63840 19073
13549 58116
6471 27379
43436 28317
18940 63834
44202 19764
16598 27694
41911 53590
52428 21627
63559 46876
46292 53565
2374 37792
25795 38649
29743 5879
28784 43321
15772 13446
1452 41540
36469 18084
58092 21108
45538 18333
28463 30139
20813 10432
2778 41643
7321 34241
32317 58233
22948 42247
55684 14963
16754 61721
661 30297
37899 63987
43700 51180
37194 10827
17053 18260
35292 3995
57502 45219
15475 47872
14725 10239
19104 55241
33303 37581
57657 54178
18317 51301
63418 10083
14606 7084
4778 52823
41629 8206
4163 11008
5956 55616
8598 3393
25383 46157
2874 29391
58682 24889
59360 52733
6959 25559
62432 56235
12657 17182
1530 25698
10159 58756
30829 44928
46042 28096
37551 11893
38938 50792
28895 53989
49032 35301
55592 440
47172 16153
22075 13823
61618 31288
21299 34713
12401 19520
8159 13463
47327 118
25547 55096
49579 60522
53038 19331
26973 30172
52184 5731
52819 30481
46454 49977
60415 50905
41786 13266
17157 61167
9756 38834
12293 25586
59403 61608
16284 49542
59641 24973
61793 24059
54319 58672
28311 22516
27905 31840
36387 47487
43786 39133
57510 61694
17200 18018
1586 53102
16788 55167
40069 44124
36776 27975
58692 50958
5782 11215
45840 31049
62239 30809
54543 16678
6456 18723
8088 24665
7292 22999
35268 4208
1467 54895
5243 52852
55491 11161
36036 10561
24209 13440
6647 5942
7995 2792
38801 40573
6543 19331
42309 57463
15311 5018
34061 51647
50563 47543
28649 4885
5055 31358
58600 34510
36336 61813
18252 26377
45686 52452
17243 37958
37659 33383
41622 37547
46268 18829
56602 9604
9797 31752
52920 16206
8219 19651
18831 28637
29254 3432
43723 15104
61055 1459
23368 34563
61504 6688
4774 54690
26145 6936
694 11959
24745 6292
55731 23860
44459 37633
34081 55223
21655 60278
38909 36698
28321 52749
37334 57321
35139 2686
49047 29241
49153 39856
48553 46542
48077 30311
43042 4215
61229 29661
51874 19243
11077 17463
1704 27799
49428 54756
31221 36602
42223 54702
3512 42362
24977 52364
59 9372
26825 35600
18356 7217
61206 31090
7145 2616
25168 19485
61290 47376
49295 53674
54266 36477
16266 26194
2280 34292
6030 35739
54008 22915
1612 30823
55963 6620
37543 540
19491 30458
20920 30471
31383 22954
23073 21709
38124 44958
15883 55002
29751 22588
42704 46024
29356 58334
53922 57782
30192 14256
13127 44133
54424 37329
15932 6436
27495 16893
3383 41323
26110 28252
28036 45598
17862 8376
14616 28262
34475 13739
37334 27661
24661 10278
55815 7754
8626 33487
3651 11522
36172 52616
3581 49483
58458 57018
3292 1340
47342 18606
13856 32762
24401 56430
52782 13278
13528 9403
13692 37295
27182 23131
36629 22258
36254 12866
987 37915
33561 56606
59065 44713
12959 28292
245 55334
38088 13157
3799 37331
30741 7176
58317 58905
28852 58659
29766 59805
32118 57958
24161 5354
57233 13307
18877 61592
32766 18774
8579 13549
27647 48364
23772 60653
59284 62206
51983 35237
39303 46913
51565 10206
62924 28028
24129 45795
63944 60614
15598 57479
1360 43963
11881 50987
47608 6438
47190 42458
24430 2426
42952 37708
52368 11432
15383 28635
59879 5280
41653 60737
54084 61461
46700 9760
15126 48584
16653 17483
36165 41963
60889 8594
18995 35338
32715 6741
59293 42696
50674 55653
63479 52241
30463 55436
51206 30483
17504 47958
5485 14438
6116 45379
20420 41973
11311 63793
56583 22264
39243 32012
53995 383
18247 45450
32754 22006
40520 59159
35274 52252
16440 1973
52149 50643
51473 45780
41649 16188
7749 27920
56833 40598
8229 711
14292 55618
25510 10102
14526 16493
57262 53432
43918 15543
54280 46342
32372 43889
15157 44793
56534 47280
53596 40217
62676 58051
20342 21786
51178 25219
21725 7815
32655 20684
8852 36284
57686 59571
35403 8481
14192 20688
62069 15788
6424 57116
9598 19567
49583 62911
26483 26188
22057 57950
9254 11180
17290 56891
5428 30504
53280 4251
25042 28944
49688 5620
58844 39639
54584 29002
45102 28729
30815 10276
7024 15127
15995 48770
38813 39420
30122 26989
42358 35891
32827 4436
44522 13661
8229 15583
37090 24977
31438 45950
41307 6600
10667 32323
43067 60325
46971 21084
52717 42641
17627 10676
63485 53499
29112 60182
34534 54202
25723 62049
56641 12448
7829 16907
58510 20456
41727 16545
43688 56256
43137 4991
24131 50081
52325 59719
377 53889
22834 46989
50354 24016
33868 33309
44811 38946
12262 51022
11366 14208
2122 24010
25194 56405
4047 51538
8327 6360
38016 206
43583 17385
27860 10047
49126 14684
33395 32727
59635 9877
44155 7887
24126 12649
52766 11600
46362 41516
5930 62961
41922 63733
31049 10797
57874 46313
24467 18497
37081 12172
23333 20983
17131 27411
63094 15788
57897 13708
46614 10272
55702 15840
54920 14952
18141 50338
25559 56969
61499 37260
60600 27672
811 29077
34245 42329
34540 22715
18073 37959
25881 16688
1911 55299
34696 47381
44321 58887
50055 34446
34717 37274
41434 1319
9112 5354
6506 52881
9481 10838
45579 36219
44754 22829
12641 58536
39438 60530
53053 60159
7846 56096
41840 706
19985 1577
631 8344
5026 2016
19209 2196
46436 16653
31692 57864
62715 62266
21334 2073
