n
256
3
59.535 1511.4 59.535 0.445967 0.346298 0.445967
84.1952 1511.4 0 0.630693 0.346298 0
0 1544.5 0 0 0.920157 7.45058e-09
3
9.1769e-15 1511.4 84.1952 0 0.346298 0.630693
59.535 1511.4 59.535 0.445967 0.346298 0.445967
0 1544.5 0 0 0.920157 7.45058e-09
3
-59.535 1511.4 59.535 -0.445967 0.346298 0.445967
9.1769e-15 1511.4 84.1952 0 0.346298 0.630693
0 1544.5 0 0 0.920157 7.45058e-09
3
-84.1952 1511.4 2.01892e-14 -0.630693 0.346298 0
-59.535 1511.4 59.535 -0.445967 0.346298 0.445967
0 1544.5 0 0 0.920157 7.45058e-09
3
-59.535 1511.4 -59.535 -0.445967 0.346298 -0.445967
-84.1952 1511.4 2.01892e-14 -0.630693 0.346298 0
0 1544.5 0 0 0.920157 7.45058e-09
3
-2.56954e-14 1511.4 -84.1952 0 0.346298 -0.630693
-59.535 1511.4 -59.535 -0.445967 0.346298 -0.445967
0 1544.5 0 0 0.920157 7.45058e-09
3
59.535 1511.4 -59.535 0.445967 0.346298 -0.445967
-2.56954e-14 1511.4 -84.1952 0 0.346298 -0.630693
0 1544.5 0 0 0.920157 7.45058e-09
3
84.1952 1511.4 0 0.630693 0.346298 0
59.535 1511.4 -59.535 0.445967 0.346298 -0.445967
0 1544.5 0 0 0.920157 7.45058e-09
4
59.535 1511.4 59.535 0.445967 0.346298 0.445967
48.5798 1450.15 48.5798 0.609095 0.11326 0.609095
68.7022 1450.15 0 0.861391 0.11326 7.45058e-08
84.1952 1511.4 0 0.630693 0.346298 0
4
9.1769e-15 1511.4 84.1952 0 0.346298 0.630693
7.48827e-15 1450.15 68.7022 -7.45058e-08 0.11326 0.861391
48.5798 1450.15 48.5798 0.609095 0.11326 0.609095
59.535 1511.4 59.535 0.445967 0.346298 0.445967
4
-59.535 1511.4 59.535 -0.445967 0.346298 0.445967
-48.5798 1450.15 48.5798 -0.609095 0.11326 0.609095
7.48827e-15 1450.15 68.7022 -7.45058e-08 0.11326 0.861391
9.1769e-15 1511.4 84.1952 0 0.346298 0.630693
4
-84.1952 1511.4 2.01892e-14 -0.630693 0.346298 0
-68.7022 1450.15 1.64742e-14 -0.861391 0.11326 -7.45058e-08
-48.5798 1450.15 48.5798 -0.609095 0.11326 0.609095
-59.535 1511.4 59.535 -0.445967 0.346298 0.445967
4
-59.535 1511.4 -59.535 -0.445967 0.346298 -0.445967
-48.5798 1450.15 -48.5798 -0.609095 0.11326 -0.609095
-68.7022 1450.15 1.64742e-14 -0.861391 0.11326 -7.45058e-08
-84.1952 1511.4 2.01892e-14 -0.630693 0.346298 0
4
-2.56954e-14 1511.4 -84.1952 0 0.346298 -0.630693
-2.09672e-14 1450.15 -68.7022 7.45058e-08 0.11326 -0.861391
-48.5798 1450.15 -48.5798 -0.609095 0.11326 -0.609095
-59.535 1511.4 -59.535 -0.445967 0.346298 -0.445967
4
59.535 1511.4 -59.535 0.445967 0.346298 -0.445967
48.5798 1450.15 -48.5798 0.609095 0.11326 -0.609095
-2.09672e-14 1450.15 -68.7022 7.45058e-08 0.11326 -0.861391
-2.56954e-14 1511.4 -84.1952 0 0.346298 -0.630693
4
84.1952 1511.4 0 0.630693 0.346298 0
68.7022 1450.15 0 0.861391 0.11326 7.45058e-08
48.5798 1450.15 -48.5798 0.609095 0.11326 -0.609095
59.535 1511.4 -59.535 0.445967 0.346298 -0.445967
4
48.5798 1450.15 48.5798 0.609095 0.11326 0.609095
83.4523 1360.75 83.4523 0.589929 0.428667 0.589929
118.019 1360.75 0 0.834286 0.428667 -8.9407e-08
68.7022 1450.15 0 0.861391 0.11326 7.45058e-08
4
7.48827e-15 1450.15 68.7022 -7.45058e-08 0.11326 0.861391
1.28636e-14 1360.75 118.019 8.19564e-08 0.428667 0.834286
83.4523 1360.75 83.4523 0.589929 0.428667 0.589929
48.5798 1450.15 48.5798 0.609095 0.11326 0.609095
4
-48.5798 1450.15 48.5798 -0.609095 0.11326 0.609095
-83.4523 1360.75 83.4523 -0.589929 0.428667 0.589929
1.28636e-14 1360.75 118.019 8.19564e-08 0.428667 0.834286
7.48827e-15 1450.15 68.7022 -7.45058e-08 0.11326 0.861391
4
-68.7022 1450.15 1.64742e-14 -0.861391 0.11326 -7.45058e-08
-118.019 1360.75 2.82999e-14 -0.834286 0.428667 8.9407e-08
-83.4523 1360.75 83.4523 -0.589929 0.428667 0.589929
-48.5798 1450.15 48.5798 -0.609095 0.11326 0.609095
4
-48.5798 1450.15 -48.5798 -0.609095 0.11326 -0.609095
-83.4523 1360.75 -83.4523 -0.589929 0.428667 -0.589929
-118.019 1360.75 2.82999e-14 -0.834286 0.428667 8.9407e-08
-68.7022 1450.15 1.64742e-14 -0.861391 0.11326 -7.45058e-08
4
-2.09672e-14 1450.15 -68.7022 7.45058e-08 0.11326 -0.861391
-3.60181e-14 1360.75 -118.019 -8.19564e-08 0.428667 -0.834286
-83.4523 1360.75 -83.4523 -0.589929 0.428667 -0.589929
-48.5798 1450.15 -48.5798 -0.609095 0.11326 -0.609095
4
48.5798 1450.15 -48.5798 0.609095 0.11326 -0.609095
83.4523 1360.75 -83.4523 0.589929 0.428667 -0.589929
-3.60181e-14 1360.75 -118.019 -8.19564e-08 0.428667 -0.834286
-2.09672e-14 1450.15 -68.7022 7.45058e-08 0.11326 -0.861391
4
68.7022 1450.15 0 0.861391 0.11326 7.45058e-08
118.019 1360.75 0 0.834286 0.428667 -8.9407e-08
83.4523 1360.75 -83.4523 0.589929 0.428667 -0.589929
48.5798 1450.15 -48.5798 0.609095 0.11326 -0.609095
4
83.4523 1360.75 83.4523 0.589929 0.428667 0.589929
112.758 1273.86 112.758 0.614447 0.330854 0.614447
159.464 1273.86 0 0.868961 0.330854 5.96046e-08
118.019 1360.75 0 0.834286 0.428667 -8.9407e-08
4
1.28636e-14 1360.75 118.019 8.19564e-08 0.428667 0.834286
1.7381e-14 1273.86 159.464 -5.96046e-08 0.330854 0.868961
112.758 1273.86 112.758 0.614447 0.330854 0.614447
83.4523 1360.75 83.4523 0.589929 0.428667 0.589929
4
-83.4523 1360.75 83.4523 -0.589929 0.428667 0.589929
-112.758 1273.86 112.758 -0.614447 0.330854 0.614447
1.7381e-14 1273.86 159.464 -5.96046e-08 0.330854 0.868961
1.28636e-14 1360.75 118.019 8.19564e-08 0.428667 0.834286
4
-118.019 1360.75 2.82999e-14 -0.834286 0.428667 8.9407e-08
-159.464 1273.86 3.82381e-14 -0.868961 0.330854 -5.96046e-08
-112.758 1273.86 112.758 -0.614447 0.330854 0.614447
-83.4523 1360.75 83.4523 -0.589929 0.428667 0.589929
4
-83.4523 1360.75 -83.4523 -0.589929 0.428667 -0.589929
-112.758 1273.86 -112.758 -0.614447 0.330854 -0.614447
-159.464 1273.86 3.82381e-14 -0.868961 0.330854 -5.96046e-08
-118.019 1360.75 2.82999e-14 -0.834286 0.428667 8.9407e-08
4
-3.60181e-14 1360.75 -118.019 -8.19564e-08 0.428667 -0.834286
-4.86668e-14 1273.86 -159.464 5.96046e-08 0.330854 -0.868961
-112.758 1273.86 -112.758 -0.614447 0.330854 -0.614447
-83.4523 1360.75 -83.4523 -0.589929 0.428667 -0.589929
4
83.4523 1360.75 -83.4523 0.589929 0.428667 -0.589929
112.758 1273.86 -112.758 0.614447 0.330854 -0.614447
-4.86668e-14 1273.86 -159.464 5.96046e-08 0.330854 -0.868961
-3.60181e-14 1360.75 -118.019 -8.19564e-08 0.428667 -0.834286
4
118.019 1360.75 0 0.834286 0.428667 -8.9407e-08
159.464 1273.86 0 0.868961 0.330854 5.96046e-08
112.758 1273.86 -112.758 0.614447 0.330854 -0.614447
83.4523 1360.75 -83.4523 0.589929 0.428667 -0.589929
4
112.758 1273.86 112.758 0.614447 0.330854 0.614447
128.03 1199.28 128.03 0.640913 0.0851818 0.640913
181.061 1199.28 0 0.906389 0.0851818 3.35276e-07
159.464 1273.86 0 0.868961 0.330854 5.96046e-08
4
1.7381e-14 1273.86 159.464 -5.96046e-08 0.330854 0.868961
1.97349e-14 1199.28 181.061 -3.27826e-07 0.0851818 0.906389
128.03 1199.28 128.03 0.640913 0.0851818 0.640913
112.758 1273.86 112.758 0.614447 0.330854 0.614447
4
-112.758 1273.86 112.758 -0.614447 0.330854 0.614447
-128.03 1199.28 128.03 -0.640913 0.0851818 0.640913
1.97349e-14 1199.28 181.061 -3.27826e-07 0.0851818 0.906389
1.7381e-14 1273.86 159.464 -5.96046e-08 0.330854 0.868961
4
-159.464 1273.86 3.82381e-14 -0.868961 0.330854 -5.96046e-08
-181.061 1199.28 4.34169e-14 -0.906389 0.0851818 -3.35276e-07
-128.03 1199.28 128.03 -0.640913 0.0851818 0.640913
-112.758 1273.86 112.758 -0.614447 0.330854 0.614447
4
-112.758 1273.86 -112.758 -0.614447 0.330854 -0.614447
-128.03 1199.28 -128.03 -0.640913 0.0851818 -0.640913
-181.061 1199.28 4.34169e-14 -0.906389 0.0851818 -3.35276e-07
-159.464 1273.86 3.82381e-14 -0.868961 0.330854 -5.96046e-08
4
-4.86668e-14 1273.86 -159.464 5.96046e-08 0.330854 -0.868961
-5.52578e-14 1199.28 -181.061 3.27826e-07 0.0851818 -0.906389
-128.03 1199.28 -128.03 -0.640913 0.0851818 -0.640913
-112.758 1273.86 -112.758 -0.614447 0.330854 -0.614447
4
112.758 1273.86 -112.758 0.614447 0.330854 -0.614447
128.03 1199.28 -128.03 0.640913 0.0851818 -0.640913
-5.52578e-14 1199.28 -181.061 3.27826e-07 0.0851818 -0.906389
-4.86668e-14 1273.86 -159.464 5.96046e-08 0.330854 -0.868961
4
159.464 1273.86 0 0.868961 0.330854 5.96046e-08
181.061 1199.28 0 0.906389 0.0851818 3.35276e-07
128.03 1199.28 -128.03 0.640913 0.0851818 -0.640913
112.758 1273.86 -112.758 0.614447 0.330854 -0.614447
4
128.03 1199.28 128.03 0.640913 0.0851818 0.640913
123.972 1139.33 123.972 0.622844 -0.25057 0.622845
175.323 1139.33 0 0.880838 -0.25057 -6.78003e-07
181.061 1199.28 0 0.906389 0.0851818 3.35276e-07
4
1.97349e-14 1199.28 181.061 -3.27826e-07 0.0851818 0.906389
1.91095e-14 1139.33 175.323 6.70552e-07 -0.25057 0.880838
123.972 1139.33 123.972 0.622844 -0.25057 0.622845
128.03 1199.28 128.03 0.640913 0.0851818 0.640913
4
-128.03 1199.28 128.03 -0.640913 0.0851818 0.640913
-123.972 1139.33 123.972 -0.622845 -0.25057 0.622844
1.91095e-14 1139.33 175.323 6.70552e-07 -0.25057 0.880838
1.97349e-14 1199.28 181.061 -3.27826e-07 0.0851818 0.906389
4
-181.061 1199.28 4.34169e-14 -0.906389 0.0851818 -3.35276e-07
-175.323 1139.33 4.20409e-14 -0.880838 -0.25057 6.78003e-07
-123.972 1139.33 123.972 -0.622845 -0.25057 0.622844
-128.03 1199.28 128.03 -0.640913 0.0851818 0.640913
4
-128.03 1199.28 -128.03 -0.640913 0.0851818 -0.640913
-123.972 1139.33 -123.972 -0.622844 -0.25057 -0.622845
-175.323 1139.33 4.20409e-14 -0.880838 -0.25057 6.78003e-07
-181.061 1199.28 4.34169e-14 -0.906389 0.0851818 -3.35276e-07
4
-5.52578e-14 1199.28 -181.061 3.27826e-07 0.0851818 -0.906389
-5.35066e-14 1139.33 -175.323 -6.70552e-07 -0.25057 -0.880838
-123.972 1139.33 -123.972 -0.622844 -0.25057 -0.622845
-128.03 1199.28 -128.03 -0.640913 0.0851818 -0.640913
4
128.03 1199.28 -128.03 0.640913 0.0851818 -0.640913
123.972 1139.33 -123.972 0.622845 -0.25057 -0.622844
-5.35066e-14 1139.33 -175.323 -6.70552e-07 -0.25057 -0.880838
-5.52578e-14 1199.28 -181.061 3.27826e-07 0.0851818 -0.906389
4
181.061 1199.28 0 0.906389 0.0851818 3.35276e-07
175.323 1139.33 0 0.880838 -0.25057 -6.78003e-07
123.972 1139.33 -123.972 0.622845 -0.25057 -0.622844
128.03 1199.28 -128.03 0.640913 0.0851818 -0.640913
4
123.972 1139.33 123.972 0.622844 -0.25057 0.622845
106.182 1088.08 106.182 0.566938 -0.489121 0.566939
150.163 1088.08 0 0.801776 -0.489121 -2.98023e-07
175.323 1139.33 0 0.880838 -0.25057 -6.78003e-07
4
1.91095e-14 1139.33 175.323 6.70552e-07 -0.25057 0.880838
1.63672e-14 1088.08 150.163 2.90573e-07 -0.489121 0.801776
106.182 1088.08 106.182 0.566938 -0.489121 0.566939
123.972 1139.33 123.972 0.622844 -0.25057 0.622845
4
-123.972 1139.33 123.972 -0.622845 -0.25057 0.622844
-106.182 1088.08 106.182 -0.566939 -0.489121 0.566938
1.63672e-14 1088.08 150.163 2.90573e-07 -0.489121 0.801776
1.91095e-14 1139.33 175.323 6.70552e-07 -0.25057 0.880838
4
-175.323 1139.33 4.20409e-14 -0.880838 -0.25057 6.78003e-07
-150.163 1088.08 3.60077e-14 -0.801776 -0.489121 2.98023e-07
-106.182 1088.08 106.182 -0.566939 -0.489121 0.566938
-123.972 1139.33 123.972 -0.622845 -0.25057 0.622844
4
-123.972 1139.33 -123.972 -0.622844 -0.25057 -0.622845
-106.182 1088.08 -106.182 -0.566938 -0.489121 -0.566939
-150.163 1088.08 3.60077e-14 -0.801776 -0.489121 2.98023e-07
-175.323 1139.33 4.20409e-14 -0.880838 -0.25057 6.78003e-07
4
-5.35066e-14 1139.33 -175.323 -6.70552e-07 -0.25057 -0.880838
-4.58281e-14 1088.08 -150.163 -2.90573e-07 -0.489121 -0.801776
-106.182 1088.08 -106.182 -0.566938 -0.489121 -0.566939
-123.972 1139.33 -123.972 -0.622844 -0.25057 -0.622845
4
123.972 1139.33 -123.972 0.622845 -0.25057 -0.622844
106.182 1088.08 -106.182 0.566939 -0.489121 -0.566938
-4.58281e-14 1088.08 -150.163 -2.90573e-07 -0.489121 -0.801776
-5.35066e-14 1139.33 -175.323 -6.70552e-07 -0.25057 -0.880838
4
175.323 1139.33 0 0.880838 -0.25057 -6.78003e-07
150.163 1088.08 0 0.801776 -0.489121 -2.98023e-07
106.182 1088.08 -106.182 0.566939 -0.489121 -0.566938
123.972 1139.33 -123.972 0.622845 -0.25057 -0.622844
4
106.182 1088.08 106.182 0.566938 -0.489121 0.566939
82.5224 1042.96 82.5224 0.574116 -0.462949 0.574116
116.704 1042.96 0 0.811924 -0.462949 5.1409e-07
150.163 1088.08 0 0.801776 -0.489121 -2.98023e-07
4
1.63672e-14 1088.08 150.163 2.90573e-07 -0.489121 0.801776
1.27203e-14 1042.96 116.704 -5.1409e-07 -0.462949 0.811924
82.5224 1042.96 82.5224 0.574116 -0.462949 0.574116
106.182 1088.08 106.182 0.566938 -0.489121 0.566939
4
-106.182 1088.08 106.182 -0.566939 -0.489121 0.566938
-82.5224 1042.96 82.5224 -0.574116 -0.462949 0.574116
1.27203e-14 1042.96 116.704 -5.1409e-07 -0.462949 0.811924
1.63672e-14 1088.08 150.163 2.90573e-07 -0.489121 0.801776
4
-150.163 1088.08 3.60077e-14 -0.801776 -0.489121 2.98023e-07
-116.704 1042.96 2.79847e-14 -0.811924 -0.462949 -5.1409e-07
-82.5224 1042.96 82.5224 -0.574116 -0.462949 0.574116
-106.182 1088.08 106.182 -0.566939 -0.489121 0.566938
4
-106.182 1088.08 -106.182 -0.566938 -0.489121 -0.566939
-82.5224 1042.96 -82.5224 -0.574116 -0.462949 -0.574116
-116.704 1042.96 2.79847e-14 -0.811924 -0.462949 -5.1409e-07
-150.163 1088.08 3.60077e-14 -0.801776 -0.489121 2.98023e-07
4
-4.58281e-14 1088.08 -150.163 -2.90573e-07 -0.489121 -0.801776
-3.56169e-14 1042.96 -116.704 5.1409e-07 -0.462949 -0.811924
-82.5224 1042.96 -82.5224 -0.574116 -0.462949 -0.574116
-106.182 1088.08 -106.182 -0.566938 -0.489121 -0.566939
4
106.182 1088.08 -106.182 0.566939 -0.489121 -0.566938
82.5224 1042.96 -82.5224 0.574116 -0.462949 -0.574116
-3.56169e-14 1042.96 -116.704 5.1409e-07 -0.462949 -0.811924
-4.58281e-14 1088.08 -150.163 -2.90573e-07 -0.489121 -0.801776
4
150.163 1088.08 0 0.801776 -0.489121 -2.98023e-07
116.704 1042.96 0 0.811924 -0.462949 5.1409e-07
82.5224 1042.96 -82.5224 0.574116 -0.462949 -0.574116
106.182 1088.08 -106.182 0.566939 -0.489121 -0.566938
4
82.5224 1042.96 82.5224 0.574116 -0.462949 0.574116
61.4547 971.785 61.4547 0.631205 -0.16881 0.631205
86.9099 971.785 0 0.892658 -0.16881 7.45058e-09
116.704 1042.96 0 0.811924 -0.462949 5.1409e-07
4
1.27203e-14 1042.96 116.704 -5.1409e-07 -0.462949 0.811924
9.47281e-15 971.785 86.9099 -7.45058e-09 -0.16881 0.892658
61.4547 971.785 61.4547 0.631205 -0.16881 0.631205
82.5224 1042.96 82.5224 0.574116 -0.462949 0.574116
4
-82.5224 1042.96 82.5224 -0.574116 -0.462949 0.574116
-61.4547 971.785 61.4547 -0.631205 -0.16881 0.631205
9.47281e-15 971.785 86.9099 -7.45058e-09 -0.16881 0.892658
1.27203e-14 1042.96 116.704 -5.1409e-07 -0.462949 0.811924
4
-116.704 1042.96 2.79847e-14 -0.811924 -0.462949 -5.1409e-07
-86.9099 971.785 2.08402e-14 -0.892658 -0.16881 -7.45058e-09
-61.4547 971.785 61.4547 -0.631205 -0.16881 0.631205
-82.5224 1042.96 82.5224 -0.574116 -0.462949 0.574116
4
-82.5224 1042.96 -82.5224 -0.574116 -0.462949 -0.574116
-61.4547 971.785 -61.4547 -0.631205 -0.16881 -0.631205
-86.9099 971.785 2.08402e-14 -0.892658 -0.16881 -7.45058e-09
-116.704 1042.96 2.79847e-14 -0.811924 -0.462949 -5.1409e-07
4
-3.56169e-14 1042.96 -116.704 5.1409e-07 -0.462949 -0.811924
-2.65239e-14 971.785 -86.9099 7.45058e-09 -0.16881 -0.892658
-61.4547 971.785 -61.4547 -0.631205 -0.16881 -0.631205
-82.5224 1042.96 -82.5224 -0.574116 -0.462949 -0.574116
4
82.5224 1042.96 -82.5224 0.574116 -0.462949 -0.574116
61.4547 971.785 -61.4547 0.631205 -0.16881 -0.631205
-2.65239e-14 971.785 -86.9099 7.45058e-09 -0.16881 -0.892658
-3.56169e-14 1042.96 -116.704 5.1409e-07 -0.462949 -0.811924
4
116.704 1042.96 0 0.811924 -0.462949 5.1409e-07
86.9099 971.785 0 0.892658 -0.16881 7.45058e-09
61.4547 971.785 -61.4547 0.631205 -0.16881 -0.631205
82.5224 1042.96 -82.5224 0.574116 -0.462949 -0.574116
4
61.4547 971.785 61.4547 0.631205 -0.16881 0.631205
62.6246 905.575 62.6246 0.471791 0.459398 0.471791
88.5649 905.575 0 0.667211 0.459398 7.82311e-08
86.9099 971.785 0 0.892658 -0.16881 7.45058e-09
4
9.47281e-15 971.785 86.9099 -7.45058e-09 -0.16881 0.892658
9.65315e-15 905.575 88.5649 -7.82311e-08 0.459398 0.667211
62.6246 905.575 62.6246 0.471791 0.459398 0.471791
61.4547 971.785 61.4547 0.631205 -0.16881 0.631205
4
-61.4547 971.785 61.4547 -0.631205 -0.16881 0.631205
-62.6246 905.575 62.6246 -0.471791 0.459398 0.471791
9.65315e-15 905.575 88.5649 -7.82311e-08 0.459398 0.667211
9.47281e-15 971.785 86.9099 -7.45058e-09 -0.16881 0.892658
4
-86.9099 971.785 2.08402e-14 -0.892658 -0.16881 -7.45058e-09
-88.5649 905.575 2.1237e-14 -0.667211 0.459398 -7.82311e-08
-62.6246 905.575 62.6246 -0.471791 0.459398 0.471791
-61.4547 971.785 61.4547 -0.631205 -0.16881 0.631205
4
-61.4547 971.785 -61.4547 -0.631205 -0.16881 -0.631205
-62.6246 905.575 -62.6246 -0.471791 0.459398 -0.471791
-88.5649 905.575 2.1237e-14 -0.667211 0.459398 -7.82311e-08
-86.9099 971.785 2.08402e-14 -0.892658 -0.16881 -7.45058e-09
4
-2.65239e-14 971.785 -86.9099 7.45058e-09 -0.16881 -0.892658
-2.70289e-14 905.575 -88.5649 7.82311e-08 0.459398 -0.667211
-62.6246 905.575 -62.6246 -0.471791 0.459398 -0.471791
-61.4547 971.785 -61.4547 -0.631205 -0.16881 -0.631205
4
61.4547 971.785 -61.4547 0.631205 -0.16881 -0.631205
62.6246 905.575 -62.6246 0.471791 0.459398 -0.471791
-2.70289e-14 905.575 -88.5649 7.82311e-08 0.459398 -0.667211
-2.65239e-14 971.785 -86.9099 7.45058e-09 -0.16881 -0.892658
4
86.9099 971.785 0 0.892658 -0.16881 7.45058e-09
88.5649 905.575 0 0.667211 0.459398 7.82311e-08
62.6246 905.575 -62.6246 0.471791 0.459398 -0.471791
61.4547 971.785 -61.4547 0.631205 -0.16881 -0.631205
4
62.6246 905.575 62.6246 0.471791 0.459398 0.471791
129.387 862.274 129.387 0.384503 0.788235 0.384503
182.981 862.274 0 0.543769 0.788235 2.98023e-08
88.5649 905.575 0 0.667211 0.459398 7.82311e-08
4
9.65315e-15 905.575 88.5649 -7.82311e-08 0.459398 0.667211
1.99442e-14 862.274 182.981 -2.98023e-08 0.788235 0.543769
129.387 862.274 129.387 0.384503 0.788235 0.384503
62.6246 905.575 62.6246 0.471791 0.459398 0.471791
4
-62.6246 905.575 62.6246 -0.471791 0.459398 0.471791
-129.387 862.274 129.387 -0.384503 0.788235 0.384503
1.99442e-14 862.274 182.981 -2.98023e-08 0.788235 0.543769
9.65315e-15 905.575 88.5649 -7.82311e-08 0.459398 0.667211
4
-88.5649 905.575 2.1237e-14 -0.667211 0.459398 -7.82311e-08
-182.981 862.274 4.38772e-14 -0.543769 0.788235 -2.98023e-08
-129.387 862.274 129.387 -0.384503 0.788235 0.384503
-62.6246 905.575 62.6246 -0.471791 0.459398 0.471791
4
-62.6246 905.575 -62.6246 -0.471791 0.459398 -0.471791
-129.387 862.274 -129.387 -0.384503 0.788235 -0.384503
-182.981 862.274 4.38772e-14 -0.543769 0.788235 -2.98023e-08
-88.5649 905.575 2.1237e-14 -0.667211 0.459398 -7.82311e-08
4
-2.70289e-14 905.575 -88.5649 7.82311e-08 0.459398 -0.667211
-5.58438e-14 862.274 -182.981 2.98023e-08 0.788235 -0.543769
-129.387 862.274 -129.387 -0.384503 0.788235 -0.384503
-62.6246 905.575 -62.6246 -0.471791 0.459398 -0.471791
4
62.6246 905.575 -62.6246 0.471791 0.459398 -0.471791
129.387 862.274 -129.387 0.384503 0.788235 -0.384503
-5.58438e-14 862.274 -182.981 2.98023e-08 0.788235 -0.543769
-2.70289e-14 905.575 -88.5649 7.82311e-08 0.459398 -0.667211
4
88.5649 905.575 0 0.667211 0.459398 7.82311e-08
182.981 862.274 0 0.543769 0.788235 2.98023e-08
129.387 862.274 -129.387 0.384503 0.788235 -0.384503
62.6246 905.575 -62.6246 0.471791 0.459398 -0.471791
4
129.387 862.274 129.387 0.384503 0.788235 0.384503
161.317 817.384 161.317 0.485367 0.0116134 0.485367
228.137 817.384 0 0.686412 0.0116134 -1.2666e-07
182.981 862.274 0 0.543769 0.788235 2.98023e-08
4
1.99442e-14 862.274 182.981 -2.98023e-08 0.788235 0.543769
2.48659e-14 817.384 228.137 1.3411e-07 0.0116134 0.686412
161.317 817.384 161.317 0.485367 0.0116134 0.485367
129.387 862.274 129.387 0.384503 0.788235 0.384503
4
-129.387 862.274 129.387 -0.384503 0.788235 0.384503
-161.317 817.384 161.317 -0.485367 0.0116134 0.485367
2.48659e-14 817.384 228.137 1.3411e-07 0.0116134 0.686412
1.99442e-14 862.274 182.981 -2.98023e-08 0.788235 0.543769
4
-182.981 862.274 4.38772e-14 -0.543769 0.788235 -2.98023e-08
-228.137 817.384 5.47051e-14 -0.686412 0.0116134 1.2666e-07
-161.317 817.384 161.317 -0.485367 0.0116134 0.485367
-129.387 862.274 129.387 -0.384503 0.788235 0.384503
4
-129.387 862.274 -129.387 -0.384503 0.788235 -0.384503
-161.317 817.384 -161.317 -0.485367 0.0116134 -0.485367
-228.137 817.384 5.47051e-14 -0.686412 0.0116134 1.2666e-07
-182.981 862.274 4.38772e-14 -0.543769 0.788235 -2.98023e-08
4
-5.58438e-14 862.274 -182.981 2.98023e-08 0.788235 -0.543769
-6.96247e-14 817.384 -228.137 -1.3411e-07 0.0116134 -0.686412
-161.317 817.384 -161.317 -0.485367 0.0116134 -0.485367
-129.387 862.274 -129.387 -0.384503 0.788235 -0.384503
4
129.387 862.274 -129.387 0.384503 0.788235 -0.384503
161.317 817.384 -161.317 0.485367 0.0116134 -0.485367
-6.96247e-14 817.384 -228.137 -1.3411e-07 0.0116134 -0.686412
-5.58438e-14 862.274 -182.981 2.98023e-08 0.788235 -0.543769
4
182.981 862.274 0 0.543769 0.788235 2.98023e-08
228.137 817.384 0 0.686412 0.0116134 -1.2666e-07
161.317 817.384 -161.317 0.485367 0.0116134 -0.485367
129.387 862.274 -129.387 0.384503 0.788235 -0.384503
4
161.317 817.384 161.317 0.485367 0.0116134 0.485367
129.387 769.581 129.387 0.407048 -0.763856 0.407047
182.981 769.581 0 0.575651 -0.763856 1.37836e-07
228.137 817.384 0 0.686412 0.0116134 -1.2666e-07
4
2.48659e-14 817.384 228.137 1.3411e-07 0.0116134 0.686412
1.99442e-14 769.581 182.981 -1.30385e-07 -0.763856 0.575651
129.387 769.581 129.387 0.407048 -0.763856 0.407047
161.317 817.384 161.317 0.485367 0.0116134 0.485367
4
-161.317 817.384 161.317 -0.485367 0.0116134 0.485367
-129.387 769.581 129.387 -0.407047 -0.763856 0.407048
1.99442e-14 769.581 182.981 -1.30385e-07 -0.763856 0.575651
2.48659e-14 817.384 228.137 1.3411e-07 0.0116134 0.686412
4
-228.137 817.384 5.47051e-14 -0.686412 0.0116134 1.2666e-07
-182.981 769.581 4.38772e-14 -0.575651 -0.763856 -1.37836e-07
-129.387 769.581 129.387 -0.407047 -0.763856 0.407048
-161.317 817.384 161.317 -0.485367 0.0116134 0.485367
4
-161.317 817.384 -161.317 -0.485367 0.0116134 -0.485367
-129.387 769.581 -129.387 -0.407048 -0.763856 -0.407047
-182.981 769.581 4.38772e-14 -0.575651 -0.763856 -1.37836e-07
-228.137 817.384 5.47051e-14 -0.686412 0.0116134 1.2666e-07
4
-6.96247e-14 817.384 -228.137 -1.3411e-07 0.0116134 -0.686412
-5.58438e-14 769.581 -182.981 1.30385e-07 -0.763856 -0.575651
-129.387 769.581 -129.387 -0.407048 -0.763856 -0.407047
-161.317 817.384 -161.317 -0.485367 0.0116134 -0.485367
4
161.317 817.384 -161.317 0.485367 0.0116134 -0.485367
129.387 769.581 -129.387 0.407047 -0.763856 -0.407048
-5.58438e-14 769.581 -182.981 1.30385e-07 -0.763856 -0.575651
-6.96247e-14 817.384 -228.137 -1.3411e-07 0.0116134 -0.686412
4
228.137 817.384 0 0.686412 0.0116134 -1.2666e-07
182.981 769.581 0 0.575651 -0.763856 1.37836e-07
129.387 769.581 -129.387 0.407047 -0.763856 -0.407048
161.317 817.384 -161.317 0.485367 0.0116134 -0.485367
4
129.387 769.581 129.387 0.407048 -0.763856 0.407047
62.6246 720.188 62.6246 0.48683 -0.401041 0.48683
88.5649 720.188 0 0.68848 -0.401041 2.23517e-07
182.981 769.581 0 0.575651 -0.763856 1.37836e-07
4
1.99442e-14 769.581 182.981 -1.30385e-07 -0.763856 0.575651
9.65315e-15 720.188 88.5649 -2.23517e-07 -0.401041 0.68848
62.6246 720.188 62.6246 0.48683 -0.401041 0.48683
129.387 769.581 129.387 0.407048 -0.763856 0.407047
4
-129.387 769.581 129.387 -0.407047 -0.763856 0.407048
-62.6246 720.188 62.6246 -0.48683 -0.401041 0.48683
9.65315e-15 720.188 88.5649 -2.23517e-07 -0.401041 0.68848
1.99442e-14 769.581 182.981 -1.30385e-07 -0.763856 0.575651
4
-182.981 769.581 4.38772e-14 -0.575651 -0.763856 -1.37836e-07
-88.5649 720.188 2.1237e-14 -0.68848 -0.401041 -2.23517e-07
-62.6246 720.188 62.6246 -0.48683 -0.401041 0.48683
-129.387 769.581 129.387 -0.407047 -0.763856 0.407048
4
-129.387 769.581 -129.387 -0.407048 -0.763856 -0.407047
-62.6246 720.188 -62.6246 -0.48683 -0.401041 -0.48683
-88.5649 720.188 2.1237e-14 -0.68848 -0.401041 -2.23517e-07
-182.981 769.581 4.38772e-14 -0.575651 -0.763856 -1.37836e-07
4
-5.58438e-14 769.581 -182.981 1.30385e-07 -0.763856 -0.575651
-2.70289e-14 720.188 -88.5649 2.23517e-07 -0.401041 -0.68848
-62.6246 720.188 -62.6246 -0.48683 -0.401041 -0.48683
-129.387 769.581 -129.387 -0.407048 -0.763856 -0.407047
4
129.387 769.581 -129.387 0.407047 -0.763856 -0.407048
62.6246 720.188 -62.6246 0.48683 -0.401041 -0.48683
-2.70289e-14 720.188 -88.5649 2.23517e-07 -0.401041 -0.68848
-5.58438e-14 769.581 -182.981 1.30385e-07 -0.763856 -0.575651
4
182.981 769.581 0 0.575651 -0.763856 1.37836e-07
88.5649 720.188 0 0.68848 -0.401041 2.23517e-07
62.6246 720.188 -62.6246 0.48683 -0.401041 -0.48683
129.387 769.581 -129.387 0.407047 -0.763856 -0.407048
4
62.6246 720.188 62.6246 0.48683 -0.401041 0.48683
67.5146 626.584 67.5146 0.651077 0.0810365 0.651077
95.4802 626.584 0 0.920764 0.0810365 9.68575e-08
88.5649 720.188 0 0.68848 -0.401041 2.23517e-07
4
9.65315e-15 720.188 88.5649 -2.23517e-07 -0.401041 0.68848
1.04069e-14 626.584 95.4802 -8.9407e-08 0.0810365 0.920764
67.5146 626.584 67.5146 0.651077 0.0810365 0.651077
62.6246 720.188 62.6246 0.48683 -0.401041 0.48683
4
-62.6246 720.188 62.6246 -0.48683 -0.401041 0.48683
-67.5146 626.584 67.5146 -0.651077 0.0810365 0.651077
1.04069e-14 626.584 95.4802 -8.9407e-08 0.0810365 0.920764
9.65315e-15 720.188 88.5649 -2.23517e-07 -0.401041 0.68848
4
-88.5649 720.188 2.1237e-14 -0.68848 -0.401041 -2.23517e-07
-95.4802 626.584 2.28953e-14 -0.920764 0.0810365 -9.68575e-08
-67.5146 626.584 67.5146 -0.651077 0.0810365 0.651077
-62.6246 720.188 62.6246 -0.48683 -0.401041 0.48683
4
-62.6246 720.188 -62.6246 -0.48683 -0.401041 -0.48683
-67.5146 626.584 -67.5146 -0.651077 0.0810365 -0.651077
-95.4802 626.584 2.28953e-14 -0.920764 0.0810365 -9.68575e-08
-88.5649 720.188 2.1237e-14 -0.68848 -0.401041 -2.23517e-07
4
-2.70289e-14 720.188 -88.5649 2.23517e-07 -0.401041 -0.68848
-2.91394e-14 626.584 -95.4802 8.9407e-08 0.0810365 -0.920764
-67.5146 626.584 -67.5146 -0.651077 0.0810365 -0.651077
-62.6246 720.188 -62.6246 -0.48683 -0.401041 -0.48683
4
62.6246 720.188 -62.6246 0.48683 -0.401041 -0.48683
67.5146 626.584 -67.5146 0.651077 0.0810365 -0.651077
-2.91394e-14 626.584 -95.4802 8.9407e-08 0.0810365 -0.920764
-2.70289e-14 720.188 -88.5649 2.23517e-07 -0.401041 -0.68848
4
88.5649 720.188 0 0.68848 -0.401041 2.23517e-07
95.4802 626.584 0 0.920764 0.0810365 9.68575e-08
67.5146 626.584 -67.5146 0.651077 0.0810365 -0.651077
62.6246 720.188 -62.6246 0.48683 -0.401041 -0.48683
4
67.5146 626.584 67.5146 0.651077 0.0810365 0.651077
74.0276 536.438 74.0276 0.647621 0.127045 0.647621
104.69 536.438 0 0.915876 0.127045 -1.49012e-07
95.4802 626.584 0 0.920764 0.0810365 9.68575e-08
4
1.04069e-14 626.584 95.4802 -8.9407e-08 0.0810365 0.920764
1.14109e-14 536.438 104.69 1.56462e-07 0.127045 0.915876
74.0276 536.438 74.0276 0.647621 0.127045 0.647621
67.5146 626.584 67.5146 0.651077 0.0810365 0.651077
4
-67.5146 626.584 67.5146 -0.651077 0.0810365 0.651077
-74.0276 536.438 74.0276 -0.647621 0.127045 0.647621
1.14109e-14 536.438 104.69 1.56462e-07 0.127045 0.915876
1.04069e-14 626.584 95.4802 -8.9407e-08 0.0810365 0.920764
4
-95.4802 626.584 2.28953e-14 -0.920764 0.0810365 -9.68575e-08
-104.69 536.438 2.51039e-14 -0.915876 0.127045 1.49012e-07
-74.0276 536.438 74.0276 -0.647621 0.127045 0.647621
-67.5146 626.584 67.5146 -0.651077 0.0810365 0.651077
4
-67.5146 626.584 -67.5146 -0.651077 0.0810365 -0.651077
-74.0276 536.438 -74.0276 -0.647621 0.127045 -0.647621
-104.69 536.438 2.51039e-14 -0.915876 0.127045 1.49012e-07
-95.4802 626.584 2.28953e-14 -0.920764 0.0810365 -9.68575e-08
4
-2.91394e-14 626.584 -95.4802 8.9407e-08 0.0810365 -0.920764
-3.19504e-14 536.438 -104.69 -1.56462e-07 0.127045 -0.915876
-74.0276 536.438 -74.0276 -0.647621 0.127045 -0.647621
-67.5146 626.584 -67.5146 -0.651077 0.0810365 -0.651077
4
67.5146 626.584 -67.5146 0.651077 0.0810365 -0.651077
74.0276 536.438 -74.0276 0.647621 0.127045 -0.647621
-3.19504e-14 536.438 -104.69 -1.56462e-07 0.127045 -0.915876
-2.91394e-14 626.584 -95.4802 8.9407e-08 0.0810365 -0.920764
4
95.4802 626.584 0 0.920764 0.0810365 9.68575e-08
104.69 536.438 0 0.915876 0.127045 -1.49012e-07
74.0276 536.438 -74.0276 0.647621 0.127045 -0.647621
67.5146 626.584 -67.5146 0.651077 0.0810365 -0.651077
4
74.0276 536.438 74.0276 0.647621 0.127045 0.647621
83.4121 460.843 83.4121 0.634232 0.229033 0.634232
117.963 460.843 0 0.896938 0.229033 1.49012e-08
104.69 536.438 0 0.915876 0.127045 -1.49012e-07
4
1.14109e-14 536.438 104.69 1.56462e-07 0.127045 0.915876
1.28575e-14 460.843 117.963 -2.23517e-08 0.229033 0.896938
83.4121 460.843 83.4121 0.634232 0.229033 0.634232
74.0276 536.438 74.0276 0.647621 0.127045 0.647621
4
-74.0276 536.438 74.0276 -0.647621 0.127045 0.647621
-83.4121 460.843 83.4121 -0.634232 0.229033 0.634232
1.28575e-14 460.843 117.963 -2.23517e-08 0.229033 0.896938
1.14109e-14 536.438 104.69 1.56462e-07 0.127045 0.915876
4
-104.69 536.438 2.51039e-14 -0.915876 0.127045 1.49012e-07
-117.963 460.843 2.82864e-14 -0.896938 0.229033 -1.49012e-08
-83.4121 460.843 83.4121 -0.634232 0.229033 0.634232
-74.0276 536.438 74.0276 -0.647621 0.127045 0.647621
4
-74.0276 536.438 -74.0276 -0.647621 0.127045 -0.647621
-83.4121 460.843 -83.4121 -0.634232 0.229033 -0.634232
-117.963 460.843 2.82864e-14 -0.896938 0.229033 -1.49012e-08
-104.69 536.438 2.51039e-14 -0.915876 0.127045 1.49012e-07
4
-3.19504e-14 536.438 -104.69 -1.56462e-07 0.127045 -0.915876
-3.60008e-14 460.843 -117.963 2.23517e-08 0.229033 -0.896938
-83.4121 460.843 -83.4121 -0.634232 0.229033 -0.634232
-74.0276 536.438 -74.0276 -0.647621 0.127045 -0.647621
4
74.0276 536.438 -74.0276 0.647621 0.127045 -0.647621
83.4121 460.843 -83.4121 0.634232 0.229033 -0.634232
-3.60008e-14 460.843 -117.963 2.23517e-08 0.229033 -0.896938
-3.19504e-14 536.438 -104.69 -1.56462e-07 0.127045 -0.915876
4
104.69 536.438 0 0.915876 0.127045 -1.49012e-07
117.963 460.843 0 0.896938 0.229033 1.49012e-08
83.4121 460.843 -83.4121 0.634232 0.229033 -0.634232
74.0276 536.438 -74.0276 0.647621 0.127045 -0.647621
4
83.4121 460.843 83.4121 0.634232 0.229033 0.634232
97.2287 403.008 97.2287 0.605982 0.366286 0.605981
137.502 403.008 0 0.856989 0.366286 6.33299e-07
117.963 460.843 0 0.896938 0.229033 1.49012e-08
4
1.28575e-14 460.843 117.963 -2.23517e-08 0.229033 0.896938
1.49872e-14 403.008 137.502 -6.4075e-07 0.366286 0.856989
97.2287 403.008 97.2287 0.605982 0.366286 0.605981
83.4121 460.843 83.4121 0.634232 0.229033 0.634232
4
-83.4121 460.843 83.4121 -0.634232 0.229033 0.634232
-97.2287 403.008 97.2287 -0.605981 0.366286 0.605982
1.49872e-14 403.008 137.502 -6.4075e-07 0.366286 0.856989
1.28575e-14 460.843 117.963 -2.23517e-08 0.229033 0.896938
4
-117.963 460.843 2.82864e-14 -0.896938 0.229033 -1.49012e-08
-137.502 403.008 3.29719e-14 -0.856989 0.366286 -6.33299e-07
-97.2287 403.008 97.2287 -0.605981 0.366286 0.605982
-83.4121 460.843 83.4121 -0.634232 0.229033 0.634232
4
-83.4121 460.843 -83.4121 -0.634232 0.229033 -0.634232
-97.2287 403.008 -97.2287 -0.605982 0.366286 -0.605981
-137.502 403.008 3.29719e-14 -0.856989 0.366286 -6.33299e-07
-117.963 460.843 2.82864e-14 -0.896938 0.229033 -1.49012e-08
4
-3.60008e-14 460.843 -117.963 2.23517e-08 0.229033 -0.896938
-4.19642e-14 403.008 -137.502 6.4075e-07 0.366286 -0.856989
-97.2287 403.008 -97.2287 -0.605982 0.366286 -0.605981
-83.4121 460.843 -83.4121 -0.634232 0.229033 -0.634232
4
83.4121 460.843 -83.4121 0.634232 0.229033 -0.634232
97.2287 403.008 -97.2287 0.605981 0.366286 -0.605982
-4.19642e-14 403.008 -137.502 6.4075e-07 0.366286 -0.856989
-3.60008e-14 460.843 -117.963 2.23517e-08 0.229033 -0.896938
4
117.963 460.843 0 0.896938 0.229033 1.49012e-08
137.502 403.008 0 0.856989 0.366286 6.33299e-07
97.2287 403.008 -97.2287 0.605981 0.366286 -0.605982
83.4121 460.843 -83.4121 0.634232 0.229033 -0.634232
4
97.2287 403.008 97.2287 0.605982 0.366286 0.605981
114.542 356.134 114.542 0.574182 0.474778 0.574184
161.986 356.134 0 0.812018 0.474778 -9.83477e-07
137.502 403.008 0 0.856989 0.366286 6.33299e-07
4
1.49872e-14 403.008 137.502 -6.4075e-07 0.366286 0.856989
1.76558e-14 356.134 161.986 9.83477e-07 0.474778 0.812018
114.542 356.134 114.542 0.574182 0.474778 0.574184
97.2287 403.008 97.2287 0.605982 0.366286 0.605981
4
-97.2287 403.008 97.2287 -0.605981 0.366286 0.605982
-114.542 356.134 114.542 -0.574184 0.474778 0.574182
1.76558e-14 356.134 161.986 9.83477e-07 0.474778 0.812018
1.49872e-14 403.008 137.502 -6.4075e-07 0.366286 0.856989
4
-137.502 403.008 3.29719e-14 -0.856989 0.366286 -6.33299e-07
-161.986 356.134 3.88428e-14 -0.812018 0.474778 9.83477e-07
-114.542 356.134 114.542 -0.574184 0.474778 0.574182
-97.2287 403.008 97.2287 -0.605981 0.366286 0.605982
4
-97.2287 403.008 -97.2287 -0.605982 0.366286 -0.605981
-114.542 356.134 -114.542 -0.574182 0.474778 -0.574184
-161.986 356.134 3.88428e-14 -0.812018 0.474778 9.83477e-07
-137.502 403.008 3.29719e-14 -0.856989 0.366286 -6.33299e-07
4
-4.19642e-14 403.008 -137.502 6.4075e-07 0.366286 -0.856989
-4.94362e-14 356.134 -161.986 -9.83477e-07 0.474778 -0.812018
-114.542 356.134 -114.542 -0.574182 0.474778 -0.574184
-97.2287 403.008 -97.2287 -0.605982 0.366286 -0.605981
4
97.2287 403.008 -97.2287 0.605981 0.366286 -0.605982
114.542 356.134 -114.542 0.574184 0.474778 -0.574182
-4.94362e-14 356.134 -161.986 -9.83477e-07 0.474778 -0.812018
-4.19642e-14 403.008 -137.502 6.4075e-07 0.366286 -0.856989
4
137.502 403.008 0 0.856989 0.366286 6.33299e-07
161.986 356.134 0 0.812018 0.474778 -9.83477e-07
114.542 356.134 -114.542 0.574184 0.474778 -0.574182
97.2287 403.008 -97.2287 0.605981 0.366286 -0.605982
4
114.542 356.134 114.542 0.574182 0.474778 0.574184
132.852 316.307 132.852 0.323802 0.752953 0.323803
187.882 316.307 0 0.457924 0.752953 -7.18981e-07
161.986 356.134 0 0.812018 0.474778 -9.83477e-07
4
1.76558e-14 356.134 161.986 9.83477e-07 0.474778 0.812018
2.04784e-14 316.307 187.882 7.18981e-07 0.752953 0.457924
132.852 316.307 132.852 0.323802 0.752953 0.323803
114.542 356.134 114.542 0.574182 0.474778 0.574184
4
-114.542 356.134 114.542 -0.574184 0.474778 0.574182
-132.852 316.307 132.852 -0.323803 0.752953 0.323802
2.04784e-14 316.307 187.882 7.18981e-07 0.752953 0.457924
1.76558e-14 356.134 161.986 9.83477e-07 0.474778 0.812018
4
-161.986 356.134 3.88428e-14 -0.812018 0.474778 9.83477e-07
-187.882 316.307 4.50524e-14 -0.457924 0.752953 7.18981e-07
-132.852 316.307 132.852 -0.323803 0.752953 0.323802
-114.542 356.134 114.542 -0.574184 0.474778 0.574182
4
-114.542 356.134 -114.542 -0.574182 0.474778 -0.574184
-132.852 316.307 -132.852 -0.323802 0.752953 -0.323803
-187.882 316.307 4.50524e-14 -0.457924 0.752953 7.18981e-07
-161.986 356.134 3.88428e-14 -0.812018 0.474778 9.83477e-07
4
-4.94362e-14 356.134 -161.986 -9.83477e-07 0.474778 -0.812018
-5.73394e-14 316.307 -187.882 -7.18981e-07 0.752953 -0.457924
-132.852 316.307 -132.852 -0.323802 0.752953 -0.323803
-114.542 356.134 -114.542 -0.574182 0.474778 -0.574184
4
114.542 356.134 -114.542 0.574184 0.474778 -0.574182
132.852 316.307 -132.852 0.323803 0.752953 -0.323802
-5.73394e-14 316.307 -187.882 -7.18981e-07 0.752953 -0.457924
-4.94362e-14 356.134 -161.986 -9.83477e-07 0.474778 -0.812018
4
161.986 356.134 0 0.812018 0.474778 -9.83477e-07
187.882 316.307 0 0.457924 0.752953 -7.18981e-07
132.852 316.307 -132.852 0.323803 0.752953 -0.323802
114.542 356.134 -114.542 0.574184 0.474778 -0.574182
4
132.852 316.307 132.852 0.323802 0.752953 0.323803
146.898 313.824 146.898 0.0875768 0.990974 0.0875762
207.745 313.824 0 0.123852 0.990974 4.24683e-07
187.882 316.307 0 0.457924 0.752953 -7.18981e-07
4
2.04784e-14 316.307 187.882 7.18981e-07 0.752953 0.457924
2.26433e-14 313.824 207.745 -4.24683e-07 0.990974 0.123852
146.898 313.824 146.898 0.0875768 0.990974 0.0875762
132.852 316.307 132.852 0.323802 0.752953 0.323803
4
-132.852 316.307 132.852 -0.323803 0.752953 0.323802
-146.898 313.824 146.898 -0.0875762 0.990974 0.0875768
2.26433e-14 313.824 207.745 -4.24683e-07 0.990974 0.123852
2.04784e-14 316.307 187.882 7.18981e-07 0.752953 0.457924
4
-187.882 316.307 4.50524e-14 -0.457924 0.752953 7.18981e-07
-207.745 313.824 4.98154e-14 -0.123852 0.990974 -4.24683e-07
-146.898 313.824 146.898 -0.0875762 0.990974 0.0875768
-132.852 316.307 132.852 -0.323803 0.752953 0.323802
4
-132.852 316.307 -132.852 -0.323802 0.752953 -0.323803
-146.898 313.824 -146.898 -0.0875768 0.990974 -0.0875762
-207.745 313.824 4.98154e-14 -0.123852 0.990974 -4.24683e-07
-187.882 316.307 4.50524e-14 -0.457924 0.752953 7.18981e-07
4
-5.73394e-14 316.307 -187.882 -7.18981e-07 0.752953 -0.457924
-6.34014e-14 313.824 -207.745 4.24683e-07 0.990974 -0.123852
-146.898 313.824 -146.898 -0.0875768 0.990974 -0.0875762
-132.852 316.307 -132.852 -0.323802 0.752953 -0.323803
4
132.852 316.307 -132.852 0.323803 0.752953 -0.323802
146.898 313.824 -146.898 0.0875762 0.990974 -0.0875768
-6.34014e-14 313.824 -207.745 4.24683e-07 0.990974 -0.123852
-5.73394e-14 316.307 -187.882 -7.18981e-07 0.752953 -0.457924
4
187.882 316.307 0 0.457924 0.752953 -7.18981e-07
207.745 313.824 0 0.123852 0.990974 4.24683e-07
146.898 313.824 -146.898 0.0875762 0.990974 -0.0875768
132.852 316.307 -132.852 0.323803 0.752953 -0.323802
4
146.898 313.824 146.898 0.0875768 0.990974 0.0875762
160.943 311.342 160.943 0.370223 0.478072 0.370223
227.608 311.342 0 0.523574 0.478072 -2.6077e-07
207.745 313.824 0 0.123852 0.990974 4.24683e-07
4
2.26433e-14 313.824 207.745 -4.24683e-07 0.990974 0.123852
2.48084e-14 311.342 227.608 2.6077e-07 0.478072 0.523574
160.943 311.342 160.943 0.370223 0.478072 0.370223
146.898 313.824 146.898 0.0875768 0.990974 0.0875762
4
-146.898 313.824 146.898 -0.0875762 0.990974 0.0875768
-160.943 311.342 160.943 -0.370223 0.478072 0.370223
2.48084e-14 311.342 227.608 2.6077e-07 0.478072 0.523574
2.26433e-14 313.824 207.745 -4.24683e-07 0.990974 0.123852
4
-207.745 313.824 4.98154e-14 -0.123852 0.990974 -4.24683e-07
-227.608 311.342 5.45783e-14 -0.523574 0.478072 2.6077e-07
-160.943 311.342 160.943 -0.370223 0.478072 0.370223
-146.898 313.824 146.898 -0.0875762 0.990974 0.0875768
4
-146.898 313.824 -146.898 -0.0875768 0.990974 -0.0875762
-160.943 311.342 -160.943 -0.370223 0.478072 -0.370223
-227.608 311.342 5.45783e-14 -0.523574 0.478072 2.6077e-07
-207.745 313.824 4.98154e-14 -0.123852 0.990974 -4.24683e-07
4
-6.34014e-14 313.824 -207.745 4.24683e-07 0.990974 -0.123852
-6.94633e-14 311.342 -227.608 -2.6077e-07 0.478072 -0.523574
-160.943 311.342 -160.943 -0.370223 0.478072 -0.370223
-146.898 313.824 -146.898 -0.0875768 0.990974 -0.0875762
4
146.898 313.824 -146.898 0.0875762 0.990974 -0.0875768
160.943 311.342 -160.943 0.370223 0.478072 -0.370223
-6.94633e-14 311.342 -227.608 -2.6077e-07 0.478072 -0.523574
-6.34014e-14 313.824 -207.745 4.24683e-07 0.990974 -0.123852
4
207.745 313.824 0 0.123852 0.990974 4.24683e-07
227.608 311.342 0 0.523574 0.478072 -2.6077e-07
160.943 311.342 -160.943 0.370223 0.478072 -0.370223
146.898 313.824 -146.898 0.0875762 0.990974 -0.0875768
4
160.943 311.342 160.943 0.370223 0.478072 0.370223
159.773 267.478 159.773 0.652885 -0.0348335 0.652885
225.953 267.478 0 0.92332 -0.0348335 -5.21541e-08
227.608 311.342 0 0.523574 0.478072 -2.6077e-07
4
2.48084e-14 311.342 227.608 2.6077e-07 0.478072 0.523574
2.46279e-14 267.478 225.953 5.21541e-08 -0.0348335 0.92332
159.773 267.478 159.773 0.652885 -0.0348335 0.652885
160.943 311.342 160.943 0.370223 0.478072 0.370223
4
-160.943 311.342 160.943 -0.370223 0.478072 0.370223
-159.773 267.478 159.773 -0.652885 -0.0348335 0.652885
2.46279e-14 267.478 225.953 5.21541e-08 -0.0348335 0.92332
2.48084e-14 311.342 227.608 2.6077e-07 0.478072 0.523574
4
-227.608 311.342 5.45783e-14 -0.523574 0.478072 2.6077e-07
-225.953 267.478 5.41814e-14 -0.92332 -0.0348335 5.21541e-08
-159.773 267.478 159.773 -0.652885 -0.0348335 0.652885
-160.943 311.342 160.943 -0.370223 0.478072 0.370223
4
-160.943 311.342 -160.943 -0.370223 0.478072 -0.370223
-159.773 267.478 -159.773 -0.652885 -0.0348335 -0.652885
-225.953 267.478 5.41814e-14 -0.92332 -0.0348335 5.21541e-08
-227.608 311.342 5.45783e-14 -0.523574 0.478072 2.6077e-07
4
-6.94633e-14 311.342 -227.608 -2.6077e-07 0.478072 -0.523574
-6.89582e-14 267.478 -225.953 -5.21541e-08 -0.0348335 -0.92332
-159.773 267.478 -159.773 -0.652885 -0.0348335 -0.652885
-160.943 311.342 -160.943 -0.370223 0.478072 -0.370223
4
160.943 311.342 -160.943 0.370223 0.478072 -0.370223
159.773 267.478 -159.773 0.652885 -0.0348335 -0.652885
-6.89582e-14 267.478 -225.953 -5.21541e-08 -0.0348335 -0.92332
-6.94633e-14 311.342 -227.608 -2.6077e-07 0.478072 -0.523574
4
227.608 311.342 0 0.523574 0.478072 -2.6077e-07
225.953 267.478 0 0.92332 -0.0348335 -5.21541e-08
159.773 267.478 -159.773 0.652885 -0.0348335 -0.652885
160.943 311.342 -160.943 0.370223 0.478072 -0.370223
4
159.773 267.478 159.773 0.652885 -0.0348335 0.652885
158.603 223.615 158.603 0.572147 0.312041 0.572147
224.298 223.615 0 0.809139 0.312041 -4.47035e-08
225.953 267.478 0 0.92332 -0.0348335 -5.21541e-08
4
2.46279e-14 267.478 225.953 5.21541e-08 -0.0348335 0.92332
2.44475e-14 223.615 224.298 4.47035e-08 0.312041 0.809139
158.603 223.615 158.603 0.572147 0.312041 0.572147
159.773 267.478 159.773 0.652885 -0.0348335 0.652885
4
-159.773 267.478 159.773 -0.652885 -0.0348335 0.652885
-158.603 223.615 158.603 -0.572147 0.312041 0.572147
2.44475e-14 223.615 224.298 4.47035e-08 0.312041 0.809139
2.46279e-14 267.478 225.953 5.21541e-08 -0.0348335 0.92332
4
-225.953 267.478 5.41814e-14 -0.92332 -0.0348335 5.21541e-08
-224.298 223.615 5.37845e-14 -0.809139 0.312041 4.47035e-08
-158.603 223.615 158.603 -0.572147 0.312041 0.572147
-159.773 267.478 159.773 -0.652885 -0.0348335 0.652885
4
-159.773 267.478 -159.773 -0.652885 -0.0348335 -0.652885
-158.603 223.615 -158.603 -0.572147 0.312041 -0.572147
-224.298 223.615 5.37845e-14 -0.809139 0.312041 4.47035e-08
-225.953 267.478 5.41814e-14 -0.92332 -0.0348335 5.21541e-08
4
-6.89582e-14 267.478 -225.953 -5.21541e-08 -0.0348335 -0.92332
-6.8453e-14 223.615 -224.298 -4.47035e-08 0.312041 -0.809139
-158.603 223.615 -158.603 -0.572147 0.312041 -0.572147
-159.773 267.478 -159.773 -0.652885 -0.0348335 -0.652885
4
159.773 267.478 -159.773 0.652885 -0.0348335 -0.652885
158.603 223.615 -158.603 0.572147 0.312041 -0.572147
-6.8453e-14 223.615 -224.298 -4.47035e-08 0.312041 -0.809139
-6.89582e-14 267.478 -225.953 -5.21541e-08 -0.0348335 -0.92332
4
225.953 267.478 0 0.92332 -0.0348335 -5.21541e-08
224.298 223.615 0 0.809139 0.312041 -4.47035e-08
158.603 223.615 -158.603 0.572147 0.312041 -0.572147
159.773 267.478 -159.773 0.652885 -0.0348335 -0.652885
4
158.603 223.615 158.603 0.572147 0.312041 0.572147
208.126 149.748 208.126 0.511445 0.620201 0.511445
294.334 149.748 0 0.723293 0.620201 -2.98023e-08
224.298 223.615 0 0.809139 0.312041 -4.47035e-08
4
2.44475e-14 223.615 224.298 4.47035e-08 0.312041 0.809139
3.20813e-14 149.748 294.334 2.98023e-08 0.620201 0.723293
208.126 149.748 208.126 0.511445 0.620201 0.511445
158.603 223.615 158.603 0.572147 0.312041 0.572147
4
-158.603 223.615 158.603 -0.572147 0.312041 0.572147
-208.126 149.748 208.126 -0.511445 0.620201 0.511445
3.20813e-14 149.748 294.334 2.98023e-08 0.620201 0.723293
2.44475e-14 223.615 224.298 4.47035e-08 0.312041 0.809139
4
-224.298 223.615 5.37845e-14 -0.809139 0.312041 4.47035e-08
-294.334 149.748 7.05788e-14 -0.723293 0.620201 2.98023e-08
-208.126 149.748 208.126 -0.511445 0.620201 0.511445
-158.603 223.615 158.603 -0.572147 0.312041 0.572147
4
-158.603 223.615 -158.603 -0.572147 0.312041 -0.572147
-208.126 149.748 -208.126 -0.511445 0.620201 -0.511445
-294.334 149.748 7.05788e-14 -0.723293 0.620201 2.98023e-08
-224.298 223.615 5.37845e-14 -0.809139 0.312041 4.47035e-08
4
-6.8453e-14 223.615 -224.298 -4.47035e-08 0.312041 -0.809139
-8.98272e-14 149.748 -294.334 -2.98023e-08 0.620201 -0.723293
-208.126 149.748 -208.126 -0.511445 0.620201 -0.511445
-158.603 223.615 -158.603 -0.572147 0.312041 -0.572147
4
158.603 223.615 -158.603 0.572147 0.312041 -0.572147
208.126 149.748 -208.126 0.511445 0.620201 -0.511445
-8.98272e-14 149.748 -294.334 -2.98023e-08 0.620201 -0.723293
-6.8453e-14 223.615 -224.298 -4.47035e-08 0.312041 -0.809139
4
224.298 223.615 0 0.809139 0.312041 -4.47035e-08
294.334 149.748 0 0.723293 0.620201 -2.98023e-08
208.126 149.748 -208.126 0.511445 0.620201 -0.511445
158.603 223.615 -158.603 0.572147 0.312041 -0.572147
4
208.126 149.748 208.126 0.511445 0.620201 0.511445
242.874 86.2285 242.874 0.553539 0.0542642 0.553538
343.475 86.2285 0 0.782822 0.0542642 1.11014e-06
294.334 149.748 0 0.723293 0.620201 -2.98023e-08
4
3.20813e-14 149.748 294.334 2.98023e-08 0.620201 0.723293
3.74373e-14 86.2285 343.475 -1.10269e-06 0.0542642 0.782822
242.874 86.2285 242.874 0.553539 0.0542642 0.553538
208.126 149.748 208.126 0.511445 0.620201 0.511445
4
-208.126 149.748 208.126 -0.511445 0.620201 0.511445
-242.874 86.2285 242.874 -0.553538 0.0542642 0.553539
3.74373e-14 86.2285 343.475 -1.10269e-06 0.0542642 0.782822
3.20813e-14 149.748 294.334 2.98023e-08 0.620201 0.723293
4
-294.334 149.748 7.05788e-14 -0.723293 0.620201 2.98023e-08
-343.475 86.2285 8.23624e-14 -0.782822 0.0542642 -1.11014e-06
-242.874 86.2285 242.874 -0.553538 0.0542642 0.553539
-208.126 149.748 208.126 -0.511445 0.620201 0.511445
4
-208.126 149.748 -208.126 -0.511445 0.620201 -0.511445
-242.874 86.2285 -242.874 -0.553539 0.0542642 -0.553538
-343.475 86.2285 8.23624e-14 -0.782822 0.0542642 -1.11014e-06
-294.334 149.748 7.05788e-14 -0.723293 0.620201 2.98023e-08
4
-8.98272e-14 149.748 -294.334 -2.98023e-08 0.620201 -0.723293
-1.04824e-13 86.2285 -343.475 1.10269e-06 0.0542642 -0.782822
-242.874 86.2285 -242.874 -0.553539 0.0542642 -0.553538
-208.126 149.748 -208.126 -0.511445 0.620201 -0.511445
4
208.126 149.748 -208.126 0.511445 0.620201 -0.511445
242.874 86.2285 -242.874 0.553538 0.0542642 -0.553539
-1.04824e-13 86.2285 -343.475 1.10269e-06 0.0542642 -0.782822
-8.98272e-14 149.748 -294.334 -2.98023e-08 0.620201 -0.723293
4
294.334 149.748 0 0.723293 0.620201 -2.98023e-08
343.475 86.2285 0 0.782822 0.0542642 1.11014e-06
242.874 86.2285 -242.874 0.553538 0.0542642 -0.553539
208.126 149.748 -208.126 0.511445 0.620201 -0.511445
4
242.874 86.2285 242.874 0.553539 0.0542642 0.553538
228.975 52.399 228.975 0.490914 -0.628057 0.490911
323.82 52.399 0 0.694253 -0.628057 1.87382e-06
343.475 86.2285 0 0.782822 0.0542642 1.11014e-06
4
3.74373e-14 86.2285 343.475 -1.10269e-06 0.0542642 0.782822
3.52949e-14 52.399 323.82 -1.86637e-06 -0.628057 0.694253
228.975 52.399 228.975 0.490914 -0.628057 0.490911
242.874 86.2285 242.874 0.553539 0.0542642 0.553538
4
-242.874 86.2285 242.874 -0.553538 0.0542642 0.553539
-228.975 52.399 228.975 -0.490911 -0.628057 0.490914
3.52949e-14 52.399 323.82 -1.86637e-06 -0.628057 0.694253
3.74373e-14 86.2285 343.475 -1.10269e-06 0.0542642 0.782822
4
-343.475 86.2285 8.23624e-14 -0.782822 0.0542642 -1.11014e-06
-323.82 52.399 7.76486e-14 -0.694253 -0.628057 -1.87382e-06
-228.975 52.399 228.975 -0.490911 -0.628057 0.490914
-242.874 86.2285 242.874 -0.553538 0.0542642 0.553539
4
-242.874 86.2285 -242.874 -0.553539 0.0542642 -0.553538
-228.975 52.399 -228.975 -0.490914 -0.628057 -0.490911
-323.82 52.399 7.76486e-14 -0.694253 -0.628057 -1.87382e-06
-343.475 86.2285 8.23624e-14 -0.782822 0.0542642 -1.11014e-06
4
-1.04824e-13 86.2285 -343.475 1.10269e-06 0.0542642 -0.782822
-9.88257e-14 52.399 -323.82 1.86637e-06 -0.628057 -0.694253
-228.975 52.399 -228.975 -0.490914 -0.628057 -0.490911
-242.874 86.2285 -242.874 -0.553539 0.0542642 -0.553538
4
242.874 86.2285 -242.874 0.553538 0.0542642 -0.553539
228.975 52.399 -228.975 0.490911 -0.628057 -0.490914
-9.88257e-14 52.399 -323.82 1.86637e-06 -0.628057 -0.694253
-1.04824e-13 86.2285 -343.475 1.10269e-06 0.0542642 -0.782822
4
343.475 86.2285 0 0.782822 0.0542642 1.11014e-06
323.82 52.399 0 0.694253 -0.628057 1.87382e-06
228.975 52.399 -228.975 0.490911 -0.628057 -0.490914
242.874 86.2285 -242.874 0.553538 0.0542642 -0.553539
4
228.975 52.399 228.975 0.490914 -0.628057 0.490911
208.931 31.6053 208.931 0.437975 -0.0440799 0.43797
295.474 31.6053 0 0.619387 -0.0440799 3.52412e-06
323.82 52.399 0 0.694253 -0.628057 1.87382e-06
4
3.52949e-14 52.399 323.82 -1.86637e-06 -0.628057 0.694253
3.22054e-14 31.6053 295.474 -3.53158e-06 -0.0440799 0.619387
208.931 31.6053 208.931 0.437975 -0.0440799 0.43797
228.975 52.399 228.975 0.490914 -0.628057 0.490911
4
-228.975 52.399 228.975 -0.490911 -0.628057 0.490914
-208.931 31.6053 208.931 -0.43797 -0.0440799 0.437975
3.22054e-14 31.6053 295.474 -3.53158e-06 -0.0440799 0.619387
3.52949e-14 52.399 323.82 -1.86637e-06 -0.628057 0.694253
4
-323.82 52.399 7.76486e-14 -0.694253 -0.628057 -1.87382e-06
-295.474 31.6053 7.08519e-14 -0.619387 -0.0440799 -3.51667e-06
-208.931 31.6053 208.931 -0.43797 -0.0440799 0.437975
-228.975 52.399 228.975 -0.490911 -0.628057 0.490914
4
-228.975 52.399 -228.975 -0.490914 -0.628057 -0.490911
-208.931 31.6053 -208.931 -0.437975 -0.0440799 -0.43797
-295.474 31.6053 7.08519e-14 -0.619387 -0.0440799 -3.51667e-06
-323.82 52.399 7.76486e-14 -0.694253 -0.628057 -1.87382e-06
4
-9.88257e-14 52.399 -323.82 1.86637e-06 -0.628057 -0.694253
-9.01751e-14 31.6053 -295.474 3.53158e-06 -0.0440799 -0.619387
-208.931 31.6053 -208.931 -0.437975 -0.0440799 -0.43797
-228.975 52.399 -228.975 -0.490914 -0.628057 -0.490911
4
228.975 52.399 -228.975 0.490911 -0.628057 -0.490914
208.931 31.6053 -208.931 0.43797 -0.0440799 -0.437975
-9.01751e-14 31.6053 -295.474 3.53158e-06 -0.0440799 -0.619387
-9.88257e-14 52.399 -323.82 1.86637e-06 -0.628057 -0.694253
4
323.82 52.399 0 0.694253 -0.628057 1.87382e-06
295.474 31.6053 0 0.619387 -0.0440799 3.52412e-06
208.931 31.6053 -208.931 0.43797 -0.0440799 -0.437975
228.975 52.399 -228.975 0.490911 -0.628057 -0.490914
4
208.931 31.6053 208.931 0.437975 -0.0440799 0.43797
222.172 13.708 222.172 0.388315 0.788885 0.388314
314.198 13.708 0 0.549159 0.788885 9.0152e-07
295.474 31.6053 0 0.619387 -0.0440799 3.52412e-06
4
3.22054e-14 31.6053 295.474 -3.53158e-06 -0.0440799 0.619387
3.42463e-14 13.708 314.198 -9.12696e-07 0.788885 0.549159
222.172 13.708 222.172 0.388315 0.788885 0.388314
208.931 31.6053 208.931 0.437975 -0.0440799 0.43797
4
-208.931 31.6053 208.931 -0.43797 -0.0440799 0.437975
-222.172 13.708 222.172 -0.388314 0.788885 0.388315
3.42463e-14 13.708 314.198 -9.12696e-07 0.788885 0.549159
3.22054e-14 31.6053 295.474 -3.53158e-06 -0.0440799 0.619387
4
-295.474 31.6053 7.08519e-14 -0.619387 -0.0440799 -3.51667e-06
-314.198 13.708 7.53418e-14 -0.549159 0.788885 -9.0152e-07
-222.172 13.708 222.172 -0.388314 0.788885 0.388315
-208.931 31.6053 208.931 -0.43797 -0.0440799 0.437975
4
-208.931 31.6053 -208.931 -0.437975 -0.0440799 -0.43797
-222.172 13.708 -222.172 -0.388315 0.788885 -0.388314
-314.198 13.708 7.53418e-14 -0.549159 0.788885 -9.0152e-07
-295.474 31.6053 7.08519e-14 -0.619387 -0.0440799 -3.51667e-06
4
-9.01751e-14 31.6053 -295.474 3.53158e-06 -0.0440799 -0.619387
-9.58899e-14 13.708 -314.198 9.12696e-07 0.788885 -0.549159
-222.172 13.708 -222.172 -0.388315 0.788885 -0.388314
-208.931 31.6053 -208.931 -0.437975 -0.0440799 -0.43797
4
208.931 31.6053 -208.931 0.43797 -0.0440799 -0.437975
222.172 13.708 -222.172 0.388314 0.788885 -0.388315
-9.58899e-14 13.708 -314.198 9.12696e-07 0.788885 -0.549159
-9.01751e-14 31.6053 -295.474 3.53158e-06 -0.0440799 -0.619387
4
295.474 31.6053 0 0.619387 -0.0440799 3.52412e-06
314.198 13.708 0 0.549159 0.788885 9.0152e-07
222.172 13.708 -222.172 0.388314 0.788885 -0.388315
208.931 31.6053 -208.931 0.43797 -0.0440799 -0.437975
4
222.172 13.708 222.172 0.388315 0.788885 0.388314
244.043 -1.5 244.043 0.146165 -0.0584883 0.146168
345.13 -1.5 0 0.20671 -0.0584883 -1.85263e-06
314.198 13.708 0 0.549159 0.788885 9.0152e-07
4
3.42463e-14 13.708 314.198 -9.12696e-07 0.788885 0.549159
3.76177e-14 -1.5 345.13 1.84891e-06 -0.0584883 0.20671
244.043 -1.5 244.043 0.146165 -0.0584883 0.146168
222.172 13.708 222.172 0.388315 0.788885 0.388314
4
-222.172 13.708 222.172 -0.388314 0.788885 0.388315
-244.043 -1.5 244.043 -0.146168 -0.0584883 0.146165
3.76177e-14 -1.5 345.13 1.84891e-06 -0.0584883 0.20671
3.42463e-14 13.708 314.198 -9.12696e-07 0.788885 0.549159
4
-314.198 13.708 7.53418e-14 -0.549159 0.788885 -9.0152e-07
-345.13 -1.5 8.27589e-14 -0.20671 -0.0584883 1.85263e-06
-244.043 -1.5 244.043 -0.146168 -0.0584883 0.146165
-222.172 13.708 222.172 -0.388314 0.788885 0.388315
4
-222.172 13.708 -222.172 -0.388315 0.788885 -0.388314
-244.043 -1.5 -244.043 -0.146165 -0.0584883 -0.146168
-345.13 -1.5 8.27589e-14 -0.20671 -0.0584883 1.85263e-06
-314.198 13.708 7.53418e-14 -0.549159 0.788885 -9.0152e-07
4
-9.58899e-14 13.708 -314.198 9.12696e-07 0.788885 -0.549159
-1.0533e-13 -1.5 -345.13 -1.84891e-06 -0.0584883 -0.20671
-244.043 -1.5 -244.043 -0.146165 -0.0584883 -0.146168
-222.172 13.708 -222.172 -0.388315 0.788885 -0.388314
4
222.172 13.708 -222.172 0.388314 0.788885 -0.388315
244.043 -1.5 -244.043 0.146168 -0.0584883 -0.146165
-1.0533e-13 -1.5 -345.13 -1.84891e-06 -0.0584883 -0.20671
-9.58899e-14 13.708 -314.198 9.12696e-07 0.788885 -0.549159
4
314.198 13.708 0 0.549159 0.788885 9.0152e-07
345.13 -1.5 0 0.20671 -0.0584883 -1.85263e-06
244.043 -1.5 -244.043 0.146168 -0.0584883 -0.146165
222.172 13.708 -222.172 0.388314 0.788885 -0.388315
4
244.043 -1.5 244.043 0.146165 -0.0584883 0.146168
130.512 1.81076 130.512 -0.00411707 -0.999852 -0.00411708
184.572 1.81076 0 -0.00582241 -0.999852 1.00117e-08
345.13 -1.5 0 0.20671 -0.0584883 -1.85263e-06
4
3.76177e-14 -1.5 345.13 1.84891e-06 -0.0584883 0.20671
2.01176e-14 1.81076 184.572 -1.00117e-08 -0.999852 -0.00582241
130.512 1.81076 130.512 -0.00411707 -0.999852 -0.00411708
244.043 -1.5 244.043 0.146165 -0.0584883 0.146168
4
-244.043 -1.5 244.043 -0.146168 -0.0584883 0.146165
-130.512 1.81076 130.512 0.00411708 -0.999852 -0.00411707
2.01176e-14 1.81076 184.572 -1.00117e-08 -0.999852 -0.00582241
3.76177e-14 -1.5 345.13 1.84891e-06 -0.0584883 0.20671
4
-345.13 -1.5 8.27589e-14 -0.20671 -0.0584883 1.85263e-06
-184.572 1.81076 4.42586e-14 0.00582241 -0.999852 -1.00117e-08
-130.512 1.81076 130.512 0.00411708 -0.999852 -0.00411707
-244.043 -1.5 244.043 -0.146168 -0.0584883 0.146165
4
-244.043 -1.5 -244.043 -0.146165 -0.0584883 -0.146168
-130.512 1.81076 -130.512 0.00411707 -0.999852 0.00411708
-184.572 1.81076 4.42586e-14 0.00582241 -0.999852 -1.00117e-08
-345.13 -1.5 8.27589e-14 -0.20671 -0.0584883 1.85263e-06
4
-1.0533e-13 -1.5 -345.13 -1.84891e-06 -0.0584883 -0.20671
-5.63291e-14 1.81076 -184.572 1.00117e-08 -0.999852 0.00582241
-130.512 1.81076 -130.512 0.00411707 -0.999852 0.00411708
-244.043 -1.5 -244.043 -0.146165 -0.0584883 -0.146168
4
244.043 -1.5 -244.043 0.146168 -0.0584883 -0.146165
130.512 1.81076 -130.512 -0.00411708 -0.999852 0.00411707
-5.63291e-14 1.81076 -184.572 1.00117e-08 -0.999852 0.00582241
-1.0533e-13 -1.5 -345.13 -1.84891e-06 -0.0584883 -0.20671
4
345.13 -1.5 0 0.20671 -0.0584883 -1.85263e-06
184.572 1.81076 0 -0.00582241 -0.999852 1.00117e-08
130.512 1.81076 -130.512 -0.00411708 -0.999852 0.00411707
244.043 -1.5 -244.043 0.146168 -0.0584883 -0.146165
3
130.512 1.81076 130.512 -0.00411707 -0.999852 -0.00411708
0 0.154993 0 0 -0.999953 5.82077e-11
184.572 1.81076 0 -0.00582241 -0.999852 1.00117e-08
3
2.01176e-14 1.81076 184.572 -1.00117e-08 -0.999852 -0.00582241
0 0.154993 0 0 -0.999953 5.82077e-11
130.512 1.81076 130.512 -0.00411707 -0.999852 -0.00411708
3
-130.512 1.81076 130.512 0.00411708 -0.999852 -0.00411707
0 0.154993 0 0 -0.999953 5.82077e-11
2.01176e-14 1.81076 184.572 -1.00117e-08 -0.999852 -0.00582241
3
-184.572 1.81076 4.42586e-14 0.00582241 -0.999852 -1.00117e-08
0 0.154993 0 0 -0.999953 5.82077e-11
-130.512 1.81076 130.512 0.00411708 -0.999852 -0.00411707
3
-130.512 1.81076 -130.512 0.00411707 -0.999852 0.00411708
0 0.154993 0 0 -0.999953 5.82077e-11
-184.572 1.81076 4.42586e-14 0.00582241 -0.999852 -1.00117e-08
3
-5.63291e-14 1.81076 -184.572 1.00117e-08 -0.999852 0.00582241
0 0.154993 0 0 -0.999953 5.82077e-11
-130.512 1.81076 -130.512 0.00411707 -0.999852 0.00411708
3
130.512 1.81076 -130.512 -0.00411708 -0.999852 0.00411707
0 0.154993 0 0 -0.999953 5.82077e-11
-5.63291e-14 1.81076 -184.572 1.00117e-08 -0.999852 0.00582241
3
184.572 1.81076 0 -0.00582241 -0.999852 1.00117e-08
0 0.154993 0 0 -0.999953 5.82077e-11
130.512 1.81076 -130.512 -0.00411708 -0.999852 0.00411707
