5000
1 48939
2 46181
3 62356
4 3435
5 460
6 52889
7 37233
8 57248
9 52984
10 38508
11 13665
12 30604
13 29813
14 63033
15 56965
16 15408
17 29985
18 58049
19 5046
20 72894
21 803
22 57245
23 52383
24 23628
25 24728
26 51067
27 58755
28 8014
29 39369
30 64230
31 35232
32 44660
33 30411
34 17588
35 48095
36 30872
37 70477
38 5329
39 44472
40 79813
41 189
42 58138
43 66770
44 30003
45 77523
46 43735
47 1763
48 63860
49 58137
50 6810
51 56754
52 15292
53 20407
54 65489
55 38920
56 45135
57 72909
58 17675
59 9501
60 68630
61 38258
62 44733
63 33290
64 25021
65 18673
66 1385
67 12245
68 45503
69 43066
70 56718
71 1668
72 43256
73 71208
74 68438
75 29611
76 68731
77 68526
78 31374
79 52591
80 46663
81 74536
82 65697
83 61955
84 14944
85 51186
86 57228
87 16431
88 447
89 74903
90 25933
91 69077
92 69513
93 27018
94 22367
95 14535
96 45692
97 60105
98 26780
99 11195
100 23171
101 39850
102 12863
103 22779
104 31058
105 37654
106 52390
107 19789
108 26180
109 3765
110 72380
111 29195
112 34653
113 14429
114 47502
115 5949
116 21968
117 24730
118 22381
119 22415
120 55986
121 48314
122 11493
123 45499
124 75332
125 70212
126 60034
127 77376
128 50317
129 43167
130 44923
131 29841
132 3017
133 14139
134 52620
135 34076
136 51793
137 61363
138 10217
139 34325
140 21480
141 38950
142 19872
143 56133
144 53379
145 67374
146 62083
147 75347
148 12105
149 4464
150 54115
151 68091
152 9130
153 65608
154 69942
155 40814
156 55820
157 6329
158 38191
159 62490
160 49496
161 39466
162 48683
163 8865
164 53605
165 57655
166 79293
167 61750
168 39018
169 9511
170 16075
171 60498
172 48461
173 35947
174 36632
175 58192
176 59674
177 55067
178 9892
179 28131
180 15883
181 64007
182 16222
183 25013
184 5967
185 42516
186 22179
187 61787
188 48845
189 60370
190 629
191 18341
192 19837
193 49312
194 63559
195 29794
196 26968
197 62852
198 11545
199 22338
200 28715
201 63972
202 2837
203 77176
204 56272
205 75821
206 11721
207 35946
208 7240
209 21613
210 64077
211 23123
212 41972
213 36651
214 4488
215 47939
216 79167
217 26667
218 29726
219 48013
220 7038
221 66708
222 22706
223 63227
224 72372
225 6265
226 49373
227 55692
228 25470
229 60918
230 78031
231 54185
232 44891
233 37220
234 7714
235 21163
236 33041
237 19435
238 13461
239 76633
240 77400
241 77538
242 19756
243 39372
244 70541
245 24244
246 7311
247 69708
248 50911
249 73389
250 74073
251 14301
252 60097
253 53132
254 33880
255 8822
256 15749
257 3254
258 64514
259 41219
260 20524
261 18897
262 15405
263 65415
264 56117
265 59471
266 42930
267 45510
268 78906
269 12743
270 42143
271 32658
272 46633
273 61899
274 72030
275 37174
276 42495
277 79341
278 63235
279 49759
280 29082
281 57308
282 64060
283 45532
284 30440
285 54293
286 54354
287 46190
288 57547
289 75220
290 43761
291 78071
292 14118
293 15518
294 19839
295 70235
296 74989
297 19121
298 35746
299 30247
300 31865
301 34241
302 62905
303 78498
304 52493
305 11287
306 72025
307 14988
308 46980
309 55260
310 21099
311 76063
312 32568
313 5160
314 41595
315 19361
316 15805
317 52301
318 21903
319 29704
320 47521
321 22016
322 64127
323 61639
324 37535
325 40318
326 8227
327 32524
328 59440
329 325
330 19124
331 47657
332 34566
333 2029
334 46155
335 7059
336 49669
337 38180
338 58400
339 16649
340 49792
341 79499
342 12712
343 2361
344 41011
345 10659
346 58074
347 56816
348 62960
349 36329
350 42872
351 66834
352 58345
353 27000
354 4825
355 15880
356 67318
357 13052
358 4757
359 46758
360 13377
361 60233
362 50767
363 4296
364 62262
365 16923
366 47707
367 31931
368 11455
369 26107
370 4933
371 61248
372 61959
373 17645
374 19961
375 59322
376 28305
377 34387
378 72491
379 47617
380 70716
381 35363
382 70803
383 49061
384 62363
385 75629
386 21294
387 6034
388 8681
389 26051
390 9144
391 58411
392 6284
393 59912
394 19059
395 24898
396 33187
397 66766
398 13182
399 994
400 49226
401 18115
402 62242
403 31185
404 72112
405 38555
406 10507
407 56769
408 72942
409 39350
410 24387
411 63658
412 74714
413 15190
414 69072
415 13429
416 47171
417 10366
418 19463
419 12205
420 72769
421 28608
422 70616
423 35405
424 44872
425 9675
426 16655
427 78059
428 32793
429 66189
430 79053
431 2019
432 4304
433 17648
434 69556
435 32769
436 56203
437 64
438 9538
439 5498
440 75766
441 70277
442 25508
443 70480
444 41820
445 14580
446 3910
447 8991
448 61298
449 59725
450 21196
451 10419
452 44685
453 48164
454 45824
455 9557
456 14191
457 18832
458 43968
459 46985
460 5021
461 79374
462 49004
463 45678
464 17022
465 38561
466 78447
467 29577
468 74977
469 7985
470 35075
471 70743
472 78263
473 60584
474 17576
475 76435
476 31516
477 57838
478 5426
479 49167
480 37563
481 26623
482 59586
483 38601
484 74787
485 25411
486 48158
487 8979
488 44243
489 48479
490 12316
491 5616
492 47853
493 61320
494 51294
495 64875
496 56233
497 49741
498 14452
499 51210
500 14079
501 5880
502 78306
503 48694
504 22816
505 15882
506 45129
507 54332
508 73720
509 50555
510 59851
511 67635
512 33530
513 39438
514 26236
515 64670
516 21201
517 30747
518 30001
519 21796
520 79226
521 42317
522 27412
523 47079
524 59989
525 78707
526 68306
527 36223
528 4800
529 39110
530 43785
531 18879
532 1342
533 42091
534 67573
535 24158
536 14325
537 32702
538 34843
539 8045
540 39610
541 14694
542 75681
543 73140
544 10484
545 58269
546 57810
547 31685
548 9016
549 44163
550 53481
551 8242
552 6480
553 37246
554 11673
555 66470
556 35953
557 36331
558 59045
559 40753
560 31794
561 22830
562 15985
563 33136
564 64922
565 3558
566 13647
567 79247
568 72613
569 48490
570 43645
571 32223
572 19536
573 75678
574 61715
575 30021
576 53947
577 75878
578 61706
579 62964
580 40041
581 71540
582 27558
583 46522
584 28786
585 75584
586 69344
587 21091
588 31915
589 48389
590 18196
591 20061
592 27571
593 34181
594 53198
595 48845
596 74092
597 66845
598 48093
599 66705
600 71687
601 48090
602 55280
603 11223
604 43768
605 36995
606 41244
607 54067
608 69225
609 59303
610 37031
611 29267
612 50843
613 20942
614 32141
615 35981
616 16526
617 21485
618 57072
619 4793
620 26226
621 75268
622 61207
623 53797
624 29450
625 34405
626 22643
627 59894
628 57602
629 27088
630 46599
631 49289
632 75178
633 58231
634 16864
635 75298
636 51578
637 14461
638 49365
639 40804
640 73764
641 42749
642 70071
643 959
644 20043
645 58564
646 36940
647 36569
648 49
649 50364
650 77714
651 62627
652 45632
653 58921
654 36424
655 31434
656 49678
657 15419
658 11328
659 27280
660 42507
661 14279
662 32921
663 74037
664 72510
665 49786
666 25687
667 441
668 64247
669 31405
670 41245
671 14363
672 74154
673 67668
674 51674
675 14197
676 2584
677 44966
678 7118
679 2633
680 15330
681 41184
682 21612
683 60962
684 56458
685 58036
686 12397
687 62488
688 73456
689 23725
690 46121
691 72315
692 38005
693 79042
694 22705
695 66867
696 5180
697 48392
698 67308
699 25779
700 79797
701 64905
702 40142
703 30303
704 8925
705 48168
706 852
707 11509
708 13134
709 44322
710 50494
711 28464
712 41859
713 72106
714 9427
715 18317
716 6495
717 21824
718 37157
719 36303
720 1901
721 3278
722 64970
723 76258
724 2321
725 7675
726 63126
727 43853
728 56068
729 6786
730 69633
731 12217
732 28044
733 66127
734 78873
735 36969
736 34296
737 79725
738 4831
739 47430
740 400
741 11677
742 75895
743 42259
744 3784
745 41674
746 16928
747 46631
748 19850
749 54085
750 2934
751 21751
752 13716
753 67904
754 54362
755 52389
756 31932
757 37488
758 16242
759 8000
760 626
761 5875
762 56569
763 28670
764 28355
765 55442
766 21992
767 62651
768 11520
769 26823
770 66433
771 11920
772 74852
773 62328
774 54179
775 78636
776 60354
777 27459
778 1619
779 204
780 1544
781 40905
782 58308
783 15260
784 28810
785 32670
786 67649
787 17094
788 26510
789 40244
790 61446
791 27136
792 46119
793 38015
794 12159
795 74474
796 49810
797 34151
798 13477
799 61330
800 17326
801 79911
802 73250
803 12178
804 18591
805 3781
806 47167
807 78946
808 31240
809 48786
810 35502
811 69136
812 9692
813 13810
814 40749
815 74854
816 2832
817 64750
818 11948
819 29342
820 24994
821 73394
822 12831
823 27466
824 67761
825 24990
826 58292
827 37571
828 15493
829 28122
830 18901
831 69171
832 28033
833 48503
834 1349
835 46624
836 8636
837 4868
838 1922
839 76228
840 53655
841 37425
842 65365
843 19699
844 7587
845 62466
846 50905
847 10420
848 3568
849 19205
850 76114
851 28563
852 48951
853 8945
854 12381
855 36712
856 70287
857 27025
858 30636
859 42132
860 55147
861 5889
862 31303
863 39532
864 54393
865 32653
866 42509
867 19381
868 37521
869 44431
870 15610
871 47528
872 38208
873 975
874 23579
875 45796
876 19793
877 74484
878 56216
879 23361
880 13689
881 52330
882 8276
883 62640
884 17628
885 57009
886 55705
887 44267
888 4035
889 6341
890 6400
891 15534
892 12230
893 37703
894 11419
895 22975
896 26708
897 53928
898 42357
899 64230
900 54711
901 57967
902 68110
903 12920
904 15294
905 11690
906 15068
907 35087
908 6174
909 71284
910 58448
911 56216
912 79966
913 23077
914 38856
915 53946
916 86
917 50913
918 18214
919 4121
920 57254
921 24614
922 56008
923 25837
924 62317
925 67427
926 48812
927 9026
928 41355
929 11169
930 29608
931 52418
932 25488
933 54070
934 21690
935 40782
936 65760
937 36758
938 75869
939 28287
940 64394
941 10670
942 4503
943 64361
944 33747
945 79711
946 38307
947 33833
948 50625
949 56521
950 74307
951 64231
952 1135
953 50315
954 10068
955 19805
956 74094
957 58881
958 65183
959 71801
960 26402
961 14791
962 44219
963 51891
964 68861
965 65910
966 12673
967 10974
968 59020
969 44895
970 39261
971 43415
972 11917
973 116
974 64128
975 45664
976 36179
977 22435
978 35849
979 43156
980 35309
981 66508
982 27388
983 72796
984 73175
985 37456
986 48953
987 67269
988 52689
989 34136
990 59070
991 35444
992 5279
993 59642
994 7335
995 74141
996 1904
997 56360
998 41467
999 60924
1000 57607
1001 728
1002 60691
1003 69524
1004 37196
1005 44819
1006 71540
1007 73375
1008 23607
1009 63742
1010 36532
1011 15268
1012 50250
1013 63920
1014 8064
1015 43426
1016 57728
1017 57018
1018 30695
1019 66770
1020 47506
1021 46118
1022 22214
1023 52786
1024 62112
1025 65901
1026 3279
1027 20368
1028 78613
1029 44746
1030 37644
1031 12573
1032 1826
1033 18336
1034 2097
1035 39022
1036 19507
1037 29990
1038 32397
1039 43114
1040 13732
1041 25281
1042 58382
1043 63982
1044 45553
1045 22799
1046 27408
1047 59634
1048 36169
1049 14456
1050 46404
1051 3675
1052 16926
1053 24970
1054 56461
1055 79038
1056 47223
1057 16092
1058 19406
1059 2188
1060 60838
1061 57050
1062 14761
1063 62664
1064 31738
1065 53211
1066 21686
1067 51246
1068 3201
1069 10436
1070 50712
1071 53285
1072 35717
1073 29095
1074 37267
1075 37623
1076 8246
1077 21028
1078 17257
1079 44415
1080 35484
1081 20013
1082 4442
1083 52410
1084 1335
1085 17256
1086 7800
1087 48558
1088 33348
1089 63558
1090 7098
1091 14187
1092 76960
1093 58212
1094 33203
1095 28699
1096 31423
1097 54890
1098 36297
1099 70976
1100 21678
1101 7009
1102 44261
1103 13747
1104 72456
1105 37880
1106 51370
1107 702
1108 58908
1109 68627
1110 1469
1111 50744
1112 44992
1113 5912
1114 23154
1115 46327
1116 23168
1117 67306
1118 51237
1119 56516
1120 50864
1121 58336
1122 27055
1123 4177
1124 36548
1125 60259
1126 32876
1127 24323
1128 71501
1129 25525
1130 15299
1131 49531
1132 32534
1133 59560
1134 63278
1135 61343
1136 17440
1137 71001
1138 62045
1139 32701
1140 15980
1141 63515
1142 3445
1143 60973
1144 25779
1145 62952
1146 27300
1147 48947
1148 50258
1149 78538
1150 61815
1151 57475
1152 13226
1153 45223
1154 61652
1155 6126
1156 25482
1157 50880
1158 30449
1159 53335
1160 76405
1161 45748
1162 22866
1163 65291
1164 61660
1165 42496
1166 46634
1167 35452
1168 33497
1169 65032
1170 68153
1171 49478
1172 4899
1173 71599
1174 30451
1175 30678
1176 10903
1177 14103
1178 35977
1179 61161
1180 48993
1181 17792
1182 74988
1183 62219
1184 63015
1185 12992
1186 68345
1187 44849
1188 63872
1189 18794
1190 18184
1191 16629
1192 20894
1193 77402
1194 1921
1195 2554
1196 39899
1197 4907
1198 74359
1199 29748
1200 26291
1201 62512
1202 79226
1203 31190
1204 10463
1205 66029
1206 18220
1207 21366
1208 133
1209 54197
1210 38880
1211 49126
1212 28342
1213 70220
1214 67698
1215 47709
1216 3213
1217 56043
1218 12559
1219 67085
1220 31190
1221 67095
1222 40067
1223 8436
1224 20850
1225 78340
1226 10991
1227 60749
1228 3247
1229 41702
1230 10497
1231 65891
1232 24214
1233 46076
1234 17081
1235 71030
1236 32105
1237 71654
1238 48748
1239 68590
1240 45851
1241 7628
1242 74069
1243 74193
1244 77849
1245 61767
1246 41903
1247 37414
1248 74162
1249 10814
1250 60851
1251 25352
1252 34261
1253 20918
1254 70141
1255 55111
1256 19258
1257 37484
1258 72212
1259 58858
1260 79186
1261 2710
1262 44749
1263 59752
1264 5138
1265 18182
1266 50782
1267 73595
1268 9836
1269 19531
1270 62186
1271 12040
1272 63511
1273 56255
1274 42585
1275 17712
1276 38022
1277 40840
1278 55126
1279 68536
1280 51654
1281 35978
1282 50241
1283 42268
1284 56896
1285 40382
1286 17379
1287 32507
1288 77866
1289 9592
1290 11365
1291 77052
1292 48654
1293 12466
1294 56804
1295 53792
1296 67000
1297 63939
1298 47387
1299 76837
1300 3470
1301 65925
1302 45229
1303 66981
1304 42180
1305 7814
1306 4694
1307 36554
1308 48655
1309 16172
1310 61443
1311 56661
1312 52150
1313 31684
1314 18929
1315 65399
1316 72066
1317 72661
1318 17906
1319 26284
1320 38605
1321 65623
1322 23336
1323 7259
1324 78089
1325 36492
1326 17403
1327 65089
1328 20431
1329 21142
1330 18278
1331 23901
1332 7068
1333 63507
1334 47235
1335 5600
1336 27674
1337 8281
1338 78507
1339 32681
1340 24453
1341 59950
1342 9342
1343 76604
1344 11634
1345 64624
1346 62003
1347 40052
1348 13637
1349 36261
1350 66336
1351 52242
1352 21884
1353 46024
1354 15853
1355 56325
1356 2516
1357 33256
1358 77766
1359 59300
1360 10750
1361 16045
1362 39553
1363 17818
1364 35904
1365 6788
1366 59771
1367 19930
1368 15069
1369 58278
1370 52611
1371 39523
1372 38228
1373 18306
1374 72479
1375 6214
1376 2930
1377 10834
1378 2618
1379 52919
1380 47095
1381 68954
1382 25161
1383 25331
1384 34978
1385 41014
1386 38008
1387 73846
1388 30622
1389 35774
1390 53146
1391 41372
1392 8171
1393 12700
1394 15543
1395 428
1396 55840
1397 75314
1398 20358
1399 70910
1400 9944
1401 72970
1402 66785
1403 4524
1404 11276
1405 59264
1406 10738
1407 50558
1408 70098
1409 13356
1410 23477
1411 73545
1412 38662
1413 4990
1414 18876
1415 29992
1416 2356
1417 13236
1418 23838
1419 32978
1420 49010
1421 33337
1422 74350
1423 57182
1424 2389
1425 46245
1426 57610
1427 58229
1428 41559
1429 34320
1430 49139
1431 51503
1432 27290
1433 72276
1434 56027
1435 38566
1436 51540
1437 23117
1438 45476
1439 77990
1440 36473
1441 25305
1442 71535
1443 31487
1444 30295
1445 46763
1446 61479
1447 32651
1448 59999
1449 41670
1450 21981
1451 29010
1452 75007
1453 16332
1454 42544
1455 77396
1456 62577
1457 56506
1458 11977
1459 60489
1460 10826
1461 61117
1462 31992
1463 38117
1464 9745
1465 44372
1466 33035
1467 61286
1468 67489
1469 34864
1470 59276
1471 60315
1472 60169
1473 50812
1474 11802
1475 46817
1476 53927
1477 29634
1478 79468
1479 33927
1480 71304
1481 21450
1482 19289
1483 22663
1484 74134
1485 61833
1486 56411
1487 13063
1488 74691
1489 68388
1490 29904
1491 5517
1492 5857
1493 61897
1494 79986
1495 15603
1496 62621
1497 69374
1498 33241
1499 50110
1500 60590
1501 12517
1502 30425
1503 40759
1504 19681
1505 78580
1506 43928
1507 73609
1508 28214
1509 43397
1510 63888
1511 55870
1512 21199
1513 3177
1514 78533
1515 51685
1516 21362
1517 11296
1518 21100
1519 52405
1520 79684
1521 51005
1522 14274
1523 41894
1524 69254
1525 50613
1526 57497
1527 51875
1528 39987
1529 10738
1530 21985
1531 56929
1532 59607
1533 8763
1534 17688
1535 35641
1536 43695
1537 61617
1538 29250
1539 71909
1540 61366
1541 49490
1542 4131
1543 38917
1544 9019
1545 39016
1546 46954
1547 66733
1548 50312
1549 68054
1550 39138
1551 49996
1552 75411
1553 53412
1554 48242
1555 64665
1556 24025
1557 25739
1558 36540
1559 20364
1560 72829
1561 14878
1562 77293
1563 52437
1564 59993
1565 51334
1566 8078
1567 23688
1568 69303
1569 73680
1570 51949
1571 7021
1572 79522
1573 56080
1574 45938
1575 8541
1576 15096
1577 49244
1578 75274
1579 21760
1580 73650
1581 34412
1582 28108
1583 69062
1584 44176
1585 76351
1586 53727
1587 24554
1588 58442
1589 46620
1590 44918
1591 51272
1592 17850
1593 78564
1594 60061
1595 77843
1596 6250
1597 24491
1598 57883
1599 75553
1600 54523
1601 29832
1602 2574
1603 54045
1604 42264
1605 4864
1606 62586
1607 13712
1608 10460
1609 57860
1610 35472
1611 4110
1612 48624
1613 19932
1614 73172
1615 49152
1616 16283
1617 3252
1618 73706
1619 74726
1620 6224
1621 74977
1622 2350
1623 24074
1624 73541
1625 62411
1626 58269
1627 36143
1628 6902
1629 72504
1630 31696
1631 61425
1632 58688
1633 70622
1634 71822
1635 57304
1636 31838
1637 54408
1638 71016
1639 42298
1640 68620
1641 62840
1642 46408
1643 37244
1644 2772
1645 75933
1646 42748
1647 55408
1648 35537
1649 36455
1650 6486
1651 41761
1652 31432
1653 8836
1654 22187
1655 61325
1656 27599
1657 36808
1658 17468
1659 70853
1660 29312
1661 5516
1662 8630
1663 8000
1664 76138
1665 452
1666 65304
1667 64328
1668 54860
1669 12672
1670 62978
1671 79832
1672 31864
1673 65738
1674 73428
1675 70988
1676 61671
1677 36176
1678 46396
1679 17208
1680 72631
1681 9234
1682 58969
1683 24063
1684 18070
1685 37508
1686 41740
1687 45669
1688 74316
1689 59208
1690 36522
1691 23628
1692 21076
1693 45152
1694 67980
1695 53566
1696 1956
1697 9636
1698 37894
1699 56816
1700 22308
1701 20872
1702 56648
1703 10524
1704 6611
1705 50076
1706 1513
1707 24634
1708 6253
1709 4261
1710 41843
1711 35236
1712 13496
1713 57164
1714 15652
1715 67918
1716 14673
1717 57392
1718 33588
1719 45341
1720 72953
1721 26462
1722 68970
1723 50381
1724 27967
1725 13302
1726 23948
1727 29923
1728 22939
1729 61842
1730 43092
1731 45247
1732 39067
1733 56092
1734 12124
1735 2030
1736 62521
1737 13637
1738 26664
1739 25126
1740 17898
1741 24859
1742 60362
1743 67746
1744 38376
1745 32366
1746 55665
1747 9401
1748 9759
1749 45605
1750 54742
1751 39064
1752 72067
1753 64
1754 9445
1755 56386
1756 13367
1757 33393
1758 42662
1759 36306
1760 51588
1761 5754
1762 37905
1763 47007
1764 61846
1765 6381
1766 49037
1767 719
1768 20018
1769 32053
1770 25845
1771 74269
1772 13265
1773 42560
1774 18367
1775 7993
1776 74926
1777 74032
1778 53746
1779 41037
1780 39637
1781 64840
1782 101
1783 68057
1784 64905
1785 45899
1786 44443
1787 34624
1788 35644
1789 7105
1790 27282
1791 43584
1792 49211
1793 21539
1794 10591
1795 67410
1796 27921
1797 15980
1798 68129
1799 4291
1800 4386
1801 13975
1802 78560
1803 17651
1804 12887
1805 16928
1806 61996
1807 7813
1808 47312
1809 35742
1810 48851
1811 6950
1812 20582
1813 5304
1814 31359
1815 41839
1816 51203
1817 32154
1818 76463
1819 6848
1820 39260
1821 23745
1822 50432
1823 44823
1824 1637
1825 17376
1826 32233
1827 29558
1828 33356
1829 56715
1830 33849
1831 37742
1832 70690
1833 68762
1834 11745
1835 39929
1836 42042
1837 30093
1838 47742
1839 9354
1840 65835
1841 16593
1842 52656
1843 6418
1844 21898
1845 4015
1846 48257
1847 29453
1848 36170
1849 1073
1850 36301
1851 31782
1852 61170
1853 43086
1854 32957
1855 62807
1856 60462
1857 65191
1858 48717
1859 50170
1860 41906
1861 38919
1862 44265
1863 68948
1864 64033
1865 12362
1866 28877
1867 26075
1868 42456
1869 32971
1870 71781
1871 28291
1872 5917
1873 790
1874 71061
1875 27815
1876 4805
1877 75671
1878 57268
1879 77327
1880 33096
1881 49922
1882 65461
1883 14266
1884 49360
1885 54771
1886 33426
1887 66174
1888 76314
1889 2143
1890 36344
1891 38220
1892 77414
1893 609
1894 63520
1895 61447
1896 49324
1897 48749
1898 43874
1899 11780
1900 38072
1901 35656
1902 76423
1903 43989
1904 36446
1905 67485
1906 71804
1907 77603
1908 19508
1909 5425
1910 31283
1911 52604
1912 11699
1913 53096
1914 23222
1915 61059
1916 27867
1917 56648
1918 47233
1919 24181
1920 15144
1921 39929
1922 18753
1923 12558
1924 76891
1925 38625
1926 30358
1927 46215
1928 43726
1929 74232
1930 57995
1931 1799
1932 66240
1933 10770
1934 45788
1935 22686
1936 78255
1937 73945
1938 56642
1939 54115
1940 35722
1941 7925
1942 63071
1943 47421
1944 17373
1945 6294
1946 64832
1947 45241
1948 62942
1949 68417
1950 25774
1951 34438
1952 28346
1953 44528
1954 46997
1955 61589
1956 3153
1957 77355
1958 27804
1959 3232
1960 27939
1961 42151
1962 5031
1963 14180
1964 52922
1965 50819
1966 36866
1967 7529
1968 44764
1969 49860
1970 61645
1971 486
1972 14137
1973 44716
1974 4259
1975 31511
1976 51010
1977 25443
1978 76752
1979 70305
1980 13860
1981 22526
1982 24743
1983 78559
1984 23406
1985 28092
1986 60148
1987 62912
1988 61799
1989 44305
1990 66144
1991 9739
1992 42808
1993 71175
1994 23919
1995 15730
1996 78346
1997 17137
1998 23260
1999 79463
2000 66998
2001 41257
2002 36301
2003 1135
2004 42325
2005 40561
2006 32646
2007 49688
2008 22356
2009 65750
2010 39993
2011 36217
2012 44629
2013 21088
2014 71128
2015 68035
2016 5533
2017 7628
2018 50947
2019 67332
2020 8285
2021 37091
2022 77071
2023 51094
2024 64618
2025 57342
2026 66824
2027 62965
2028 74480
2029 46436
2030 62428
2031 17830
2032 7693
2033 18729
2034 55317
2035 6371
2036 15642
2037 7964
2038 56059
2039 37999
2040 30066
2041 52404
2042 30568
2043 74695
2044 73492
2045 58048
2046 62731
2047 35377
2048 65676
2049 33678
2050 22710
2051 30314
2052 27122
2053 56133
2054 1408
2055 11740
2056 33476
2057 24584
2058 74705
2059 64308
2060 71021
2061 13485
2062 2138
2063 35066
2064 68567
2065 57455
2066 41437
2067 40561
2068 21771
2069 53848
2070 78560
2071 51838
2072 26252
2073 65480
2074 46533
2075 56097
2076 79880
2077 65616
2078 11474
2079 21909
2080 19295
2081 70536
2082 52223
2083 2769
2084 46670
2085 53631
2086 14509
2087 146
2088 78215
2089 45567
2090 64454
2091 25588
2092 15404
2093 22944
2094 60655
2095 3971
2096 399
2097 58444
2098 44533
2099 22171
2100 32293
2101 79445
2102 30361
2103 58545
2104 21278
2105 33246
2106 70994
2107 21158
2108 18863
2109 2469
2110 43067
2111 74510
2112 73005
2113 51642
2114 77279
2115 76027
2116 25273
2117 48140
2118 76173
2119 59841
2120 13707
2121 16979
2122 5429
2123 29112
2124 39923
2125 22436
2126 69435
2127 76675
2128 881
2129 33968
2130 55198
2131 69526
2132 69766
2133 5559
2134 4423
2135 11044
2136 38805
2137 75418
2138 68554
2139 14020
2140 34239
2141 31622
2142 8530
2143 63596
2144 3264
2145 5809
2146 59624
2147 64890
2148 10302
2149 12149
2150 1083
2151 60361
2152 29129
2153 6512
2154 9473
2155 25404
2156 65301
2157 35261
2158 22079
2159 66182
2160 25581
2161 77277
2162 12060
2163 15347
2164 39188
2165 16483
2166 62743
2167 77994
2168 11901
2169 51298
2170 12014
2171 2492
2172 39272
2173 56897
2174 66089
2175 78888
2176 19058
2177 2065
2178 20130
2179 29360
2180 14214
2181 21213
2182 9722
2183 79695
2184 64078
2185 55547
2186 25100
2187 49379
2188 10808
2189 47179
2190 71913
2191 36390
2192 809
2193 3973
2194 8089
2195 39997
2196 20456
2197 70833
2198 74343
2199 68710
2200 42131
2201 6358
2202 27554
2203 37755
2204 19607
2205 13643
2206 36643
2207 38665
2208 52060
2209 56774
2210 68026
2211 66275
2212 77987
2213 34100
2214 65970
2215 62065
2216 9647
2217 47422
2218 67796
2219 56808
2220 50954
2221 59709
2222 49550
2223 51763
2224 63682
2225 13991
2226 11760
2227 40491
2228 4824
2229 6104
2230 29201
2231 3307
2232 48814
2233 56755
2234 77414
2235 68421
2236 26751
2237 34058
2238 63438
2239 78811
2240 47184
2241 7816
2242 21438
2243 45171
2244 41916
2245 43761
2246 63589
2247 7916
2248 47535
2249 51385
2250 21076
2251 18489
2252 67447
2253 70626
2254 70252
2255 51129
2256 40969
2257 38365
2258 47972
2259 45794
2260 821
2261 33525
2262 5453
2263 5987
2264 46633
2265 2868
2266 30760
2267 73384
2268 73278
2269 14198
2270 28547
2271 40462
2272 22015
2273 6338
2274 41985
2275 20283
2276 6451
2277 61926
2278 28199
2279 53986
2280 33312
2281 49275
2282 72476
2283 20759
2284 76253
2285 19080
2286 28240
2287 37223
2288 13797
2289 76213
2290 39369
2291 14618
2292 66090
2293 1174
2294 20605
2295 32723
2296 40394
2297 7717
2298 62459
2299 33672
2300 21916
2301 11007
2302 30486
2303 283
2304 53697
2305 72472
2306 20566
2307 60148
2308 54398
2309 48766
2310 70486
2311 44062
2312 54393
2313 62962
2314 21173
2315 6999
2316 38395
2317 5766
2318 44222
2319 52192
2320 1979
2321 39943
2322 66811
2323 68069
2324 41117
2325 43768
2326 57145
2327 37864
2328 51486
2329 39604
2330 71536
2331 29754
2332 6963
2333 22023
2334 30037
2335 60660
2336 50847
2337 6955
2338 77160
2339 25245
2340 12073
2341 67647
2342 69308
2343 66467
2344 6961
2345 46833
2346 29818
2347 45356
2348 52599
2349 30392
2350 53901
2351 10930
2352 70335
2353 77064
2354 35352
2355 67804
2356 77184
2357 12497
2358 25668
2359 5022
2360 52101
2361 53557
2362 34776
2363 59065
2364 75580
2365 21165
2366 76077
2367 2779
2368 28121
2369 73238
2370 28024
2371 40194
2372 17237
2373 53684
2374 63013
2375 24198
2376 20518
2377 12831
2378 25907
2379 29469
2380 43223
2381 79808
2382 40400
2383 69910
2384 33224
2385 75752
2386 57715
2387 30408
2388 44601
2389 39735
2390 35431
2391 16702
2392 13292
2393 70207
2394 32119
2395 45224
2396 47725
2397 28197
2398 48003
2399 32198
2400 57787
2401 32380
2402 72392
2403 75024
2404 6064
2405 11758
2406 55574
2407 62934
2408 60941
2409 37833
2410 48756
2411 60517
2412 37641
2413 9156
2414 50427
2415 27217
2416 41260
2417 64494
2418 57626
2419 42213
2420 24230
2421 13057
2422 15267
2423 73874
2424 39616
2425 47387
2426 75451
2427 7341
2428 31936
2429 43454
2430 39539
2431 9723
2432 75834
2433 68284
2434 41099
2435 38251
2436 36394
2437 16673
2438 57537
2439 17335
2440 54507
2441 26293
2442 77852
2443 48500
2444 71801
2445 4632
2446 75718
2447 69413
2448 69126
2449 9696
2450 31626
2451 49708
2452 22753
2453 3246
2454 79935
2455 18721
2456 50633
2457 75386
2458 62415
2459 38921
2460 75192
2461 21954
2462 48644
2463 71027
2464 46590
2465 46095
2466 65630
2467 39336
2468 62768
2469 79519
2470 56672
2471 73627
2472 25813
2473 10876
2474 78480
2475 53966
2476 15508
2477 30550
2478 79732
2479 40987
2480 40246
2481 67710
2482 47047
2483 19351
2484 70956
2485 3334
2486 38072
2487 77941
2488 78720
2489 20487
2490 36862
2491 73913
2492 78794
2493 41858
2494 21292
2495 45384
2496 7953
2497 6922
2498 4721
2499 70722
2500 6441
2501 17745
2502 20701
2503 68606
2504 28621
2505 19181
2506 78925
2507 482
2508 6083
2509 78657
2510 77821
2511 46329
2512 22719
2513 1220
2514 65680
2515 13676
2516 4555
2517 23753
2518 11617
2519 3275
2520 44240
2521 4832
2522 33540
2523 79386
2524 46690
2525 54832
2526 1123
2527 54644
2528 18106
2529 5844
2530 45366
2531 60900
2532 59941
2533 22419
2534 5858
2535 44914
2536 77953
2537 4783
2538 45396
2539 4036
2540 39792
2541 79569
2542 50366
2543 62512
2544 790
2545 72398
2546 32540
2547 5345
2548 52503
2549 44157
2550 44972
2551 53096
2552 48989
2553 34865
2554 52482
2555 15680
2556 9697
2557 53605
2558 26676
2559 64156
2560 15801
2561 28394
2562 1408
2563 75742
2564 50813
2565 7266
2566 40657
2567 48766
2568 48402
2569 42405
2570 9155
2571 8194
2572 78327
2573 15873
2574 27058
2575 79117
2576 8271
2577 59598
2578 40814
2579 60775
2580 60108
2581 5786
2582 33871
2583 65449
2584 77003
2585 42705
2586 37481
2587 6701
2588 16311
2589 64157
2590 27209
2591 32112
2592 12551
2593 28617
2594 64207
2595 63365
2596 72235
2597 61216
2598 68483
2599 40637
2600 59973
2601 77638
2602 5184
2603 58300
2604 13511
2605 32242
2606 13769
2607 58135
2608 48193
2609 10935
2610 75262
2611 28301
2612 53074
2613 65485
2614 13750
2615 50077
2616 28190
2617 51232
2618 13130
2619 853
2620 35389
2621 40339
2622 32966
2623 47941
2624 25308
2625 53525
2626 67658
2627 53896
2628 71093
2629 56141
2630 50885
2631 51066
2632 10132
2633 56069
2634 65719
2635 59995
2636 44664
2637 35840
2638 38130
2639 12857
2640 46776
2641 33392
2642 41158
2643 19850
2644 18877
2645 11260
2646 26279
2647 3420
2648 62492
2649 39410
2650 4273
2651 17882
2652 36101
2653 73591
2654 22175
2655 17762
2656 47116
2657 9833
2658 71658
2659 38209
2660 22326
2661 78895
2662 45628
2663 68810
2664 54965
2665 67699
2666 48806
2667 55981
2668 23539
2669 43288
2670 25190
2671 26667
2672 33033
2673 66348
2674 2869
2675 51910
2676 77608
2677 29149
2678 11682
2679 16453
2680 24911
2681 15956
2682 70687
2683 61012
2684 9547
2685 12862
2686 78774
2687 13016
2688 59047
2689 26784
2690 7577
2691 37725
2692 25680
2693 53205
2694 26536
2695 36997
2696 77256
2697 31694
2698 49330
2699 57148
2700 74982
2701 74520
2702 3815
2703 28015
2704 17220
2705 43037
2706 36278
2707 51180
2708 28538
2709 47960
2710 67633
2711 53449
2712 63916
2713 58320
2714 34461
2715 29816
2716 71182
2717 69588
2718 42832
2719 6581
2720 52724
2721 50409
2722 44307
2723 34756
2724 59967
2725 27195
2726 28105
2727 57223
2728 58889
2729 77435
2730 34371
2731 53871
2732 71955
2733 74539
2734 38239
2735 45527
2736 37576
2737 74517
2738 16708
2739 66114
2740 42477
2741 4341
2742 39563
2743 62746
2744 19014
2745 30376
2746 12562
2747 46548
2748 56316
2749 55394
2750 53130
2751 29041
2752 25803
2753 53789
2754 20149
2755 42122
2756 984
2757 48255
2758 19346
2759 59873
2760 45690
2761 10069
2762 70096
2763 73998
2764 4608
2765 28335
2766 39525
2767 42184
2768 59204
2769 12585
2770 64650
2771 21682
2772 16927
2773 60565
2774 40780
2775 35941
2776 47294
2777 53342
2778 38841
2779 23610
2780 28736
2781 11971
2782 9003
2783 10891
2784 22112
2785 65505
2786 53014
2787 23096
2788 33760
2789 28712
2790 39321
2791 79450
2792 38781
2793 29418
2794 29800
2795 43390
2796 14105
2797 25678
2798 41926
2799 73310
2800 38263
2801 62929
2802 51344
2803 55190
2804 43494
2805 12124
2806 47483
2807 47140
2808 65466
2809 6325
2810 27103
2811 50554
2812 54648
2813 72458
2814 17797
2815 76761
2816 57963
2817 27163
2818 56209
2819 11723
2820 55875
2821 15531
2822 47526
2823 14657
2824 1301
2825 77326
2826 14399
2827 15406
2828 59356
2829 56325
2830 45068
2831 17620
2832 75606
2833 16412
2834 29162
2835 75453
2836 28536
2837 32998
2838 42593
2839 50354
2840 75675
2841 69696
2842 20908
2843 50323
2844 18507
2845 38706
2846 3436
2847 76470
2848 65869
2849 59646
2850 8194
2851 78097
2852 31529
2853 12072
2854 12754
2855 32830
2856 45750
2857 63505
2858 4588
2859 25107
2860 76182
2861 49657
2862 42727
2863 71789
2864 66069
2865 71889
2866 67242
2867 50958
2868 24887
2869 66187
2870 21312
2871 56914
2872 12236
2873 78573
2874 27238
2875 30743
2876 73631
2877 67026
2878 27213
2879 59500
2880 3024
2881 71759
2882 13949
2883 34553
2884 3831
2885 26703
2886 67383
2887 49582
2888 10208
2889 71972
2890 74689
2891 6391
2892 77981
2893 37416
2894 34532
2895 20402
2896 65657
2897 21774
2898 71360
2899 46897
2900 44313
2901 49025
2902 23811
2903 56549
2904 47598
2905 7401
2906 7292
2907 77581
2908 74428
2909 34506
2910 57081
2911 77452
2912 26265
2913 71031
2914 32006
2915 66449
2916 54086
2917 55741
2918 36031
2919 20647
2920 4065
2921 30720
2922 63390
2923 2046
2924 24488
2925 17922
2926 58801
2927 46497
2928 76048
2929 6513
2930 13394
2931 40361
2932 55538
2933 37206
2934 53263
2935 59488
2936 959
2937 60555
2938 57069
2939 75387
2940 51413
2941 70503
2942 29192
2943 34031
2944 17886
2945 17550
2946 20480
2947 28324
2948 73291
2949 12863
2950 5323
2951 33709
2952 43583
2953 68713
2954 35755
2955 24423
2956 42987
2957 50908
2958 70920
2959 75387
2960 57422
2961 4315
2962 72101
2963 69312
2964 77873
2965 45364
2966 5153
2967 78832
2968 62271
2969 18574
2970 30572
2971 70037
2972 45429
2973 59764
2974 24068
2975 19667
2976 77314
2977 900
2978 47992
2979 26957
2980 13763
2981 53315
2982 60666
2983 13698
2984 78381
2985 52774
2986 38121
2987 77720
2988 23682
2989 65393
2990 73108
2991 37456
2992 26060
2993 21561
2994 26769
2995 23933
2996 23277
2997 31922
2998 59118
2999 5548
3000 6848
3001 9690
3002 75585
3003 52278
3004 25806
3005 56005
3006 71945
3007 23120
3008 56905
3009 76289
3010 50077
3011 27020
3012 5957
3013 67096
3014 40718
3015 40690
3016 39870
3017 35191
3018 38410
3019 63552
3020 20585
3021 67870
3022 21009
3023 46645
3024 9431
3025 4130
3026 26931
3027 69060
3028 72404
3029 6049
3030 74609
3031 79252
3032 52091
3033 26546
3034 7882
3035 77897
3036 38904
3037 36180
3038 57369
3039 15809
3040 32469
3041 27446
3042 79182
3043 74778
3044 50894
3045 39900
3046 35468
3047 10764
3048 31444
3049 73879
3050 30669
3051 52029
3052 18101
3053 8030
3054 55026
3055 63885
3056 12160
3057 38309
3058 52945
3059 4564
3060 44358
3061 3906
3062 40168
3063 52801
3064 66805
3065 48051
3066 50698
3067 25709
3068 4231
3069 28067
3070 77870
3071 73052
3072 11866
3073 77052
3074 24183
3075 62760
3076 36953
3077 59651
3078 29877
3079 24749
3080 9882
3081 60546
3082 76778
3083 27984
3084 68576
3085 8156
3086 11869
3087 37088
3088 46466
3089 21166
3090 41652
3091 47176
3092 25073
3093 38172
3094 56330
3095 48230
3096 6223
3097 27028
3098 73939
3099 46806
3100 11448
3101 71809
3102 76211
3103 59666
3104 68862
3105 20394
3106 78778
3107 62167
3108 36397
3109 28655
3110 6916
3111 46280
3112 45553
3113 40046
3114 30616
3115 34129
3116 4554
3117 78837
3118 71217
3119 7372
3120 20003
3121 69221
3122 10901
3123 1428
3124 27394
3125 67231
3126 49658
3127 69969
3128 50611
3129 79949
3130 73128
3131 18411
3132 71759
3133 25691
3134 78077
3135 16973
3136 46085
3137 76856
3138 79140
3139 2482
3140 61863
3141 42408
3142 5114
3143 27417
3144 38806
3145 35730
3146 17898
3147 43360
3148 34567
3149 45468
3150 7085
3151 54571
3152 34689
3153 17986
3154 12351
3155 18435
3156 5217
3157 18362
3158 8405
3159 12180
3160 18311
3161 37885
3162 30592
3163 10070
3164 63576
3165 28669
3166 27043
3167 66013
3168 61877
3169 62535
3170 24847
3171 93
3172 61295
3173 29962
3174 27510
3175 56453
3176 65692
3177 1760
3178 19814
3179 56612
3180 47228
3181 63251
3182 67535
3183 38270
3184 1237
3185 79886
3186 56705
3187 42806
3188 18248
3189 21462
3190 54986
3191 36560
3192 15699
3193 5578
3194 2982
3195 79275
3196 70600
3197 66378
3198 21640
3199 52477
3200 5265
3201 46488
3202 52570
3203 66561
3204 32802
3205 36432
3206 79366
3207 54846
3208 74545
3209 19180
3210 31458
3211 41773
3212 38783
3213 18993
3214 43
3215 40020
3216 55232
3217 13101
3218 2826
3219 73480
3220 70915
3221 57813
3222 66392
3223 6615
3224 19743
3225 25727
3226 42242
3227 10343
3228 12105
3229 63883
3230 62821
3231 17370
3232 66723
3233 71743
3234 40283
3235 19525
3236 64528
3237 39650
3238 74371
3239 59073
3240 15182
3241 25830
3242 57198
3243 53966
3244 1175
3245 57242
3246 50338
3247 56407
3248 26695
3249 9517
3250 6240
3251 53962
3252 67330
3253 72632
3254 60577
3255 43425
3256 18359
3257 59172
3258 53769
3259 66816
3260 43055
3261 72942
3262 4187
3263 29778
3264 21037
3265 822
3266 49303
3267 5565
3268 76824
3269 26
3270 64638
3271 48359
3272 25856
3273 41837
3274 58677
3275 63384
3276 55431
3277 29015
3278 39791
3279 38478
3280 38532
3281 46031
3282 12440
3283 62214
3284 38664
3285 29370
3286 25640
3287 13375
3288 8542
3289 79409
3290 192
3291 7949
3292 28703
3293 40731
3294 37727
3295 49740
3296 77905
3297 43382
3298 55306
3299 74730
3300 79760
3301 76296
3302 43089
3303 25617
3304 74485
3305 21766
3306 9001
3307 6268
3308 7133
3309 5144
3310 44746
3311 45666
3312 51176
3313 13539
3314 64232
3315 46192
3316 42909
3317 9872
3318 15919
3319 7803
3320 45633
3321 16111
3322 15752
3323 74336
3324 13194
3325 9831
3326 429
3327 11100
3328 9565
3329 12087
3330 42182
3331 9325
3332 8383
3333 41623
3334 71294
3335 39221
3336 19741
3337 36647
3338 45489
3339 26874
3340 41792
3341 46588
3342 28892
3343 12968
3344 16479
3345 13125
3346 15512
3347 15740
3348 59349
3349 31431
3350 23543
3351 24983
3352 3895
3353 39295
3354 55671
3355 17089
3356 5478
3357 56100
3358 64541
3359 15043
3360 68187
3361 26723
3362 24368
3363 32923
3364 68346
3365 15663
3366 28496
3367 8087
3368 52310
3369 73985
3370 34962
3371 50454
3372 76925
3373 63854
3374 19774
3375 13404
3376 33331
3377 35286
3378 65496
3379 12681
3380 23070
3381 9039
3382 74016
3383 26965
3384 4686
3385 49687
3386 406
3387 10164
3388 62140
3389 64948
3390 25207
3391 6679
3392 11671
3393 5928
3394 75954
3395 18
3396 57943
3397 24450
3398 44457
3399 66605
3400 54788
3401 79419
3402 37060
3403 51713
3404 19626
3405 13186
3406 21470
3407 9309
3408 4825
3409 6966
3410 21990
3411 27895
3412 52358
3413 16006
3414 11212
3415 57044
3416 22046
3417 11618
3418 23561
3419 4186
3420 32918
3421 5120
3422 47217
3423 44590
3424 47400
3425 43172
3426 960
3427 25343
3428 23974
3429 45417
3430 11949
3431 78762
3432 1189
3433 5361
3434 6828
3435 57167
3436 18547
3437 64650
3438 66476
3439 23372
3440 27968
3441 8467
3442 7619
3443 326
3444 60825
3445 18831
3446 13723
3447 2871
3448 30450
3449 37284
3450 43409
3451 19720
3452 78756
3453 46979
3454 64310
3455 46157
3456 10151
3457 21622
3458 71500
3459 70477
3460 23392
3461 39801
3462 69240
3463 60933
3464 1514
3465 32420
3466 38100
3467 20062
3468 17070
3469 60928
3470 79786
3471 45038
3472 25747
3473 7406
3474 1717
3475 6573
3476 26237
3477 15440
3478 45796
3479 13039
3480 9076
3481 9206
3482 32760
3483 7832
3484 12537
3485 53422
3486 10341
3487 59040
3488 31397
3489 38194
3490 49517
3491 54789
3492 34347
3493 75109
3494 35722
3495 35862
3496 27529
3497 30174
3498 12276
3499 951
3500 11102
3501 12062
3502 2342
3503 36850
3504 55820
3505 4059
3506 79775
3507 38410
3508 55851
3509 45571
3510 7801
3511 64927
3512 11129
3513 76913
3514 29111
3515 60018
3516 50336
3517 75805
3518 39058
3519 1733
3520 33999
3521 8576
3522 12874
3523 68346
3524 3685
3525 48596
3526 60560
3527 67567
3528 35122
3529 72836
3530 24870
3531 46224
3532 4899
3533 27212
3534 39426
3535 17071
3536 67623
3537 75553
3538 55481
3539 79826
3540 77477
3541 63283
3542 21105
3543 44958
3544 60196
3545 6569
3546 24977
3547 30532
3548 2374
3549 64035
3550 68617
3551 72725
3552 72611
3553 37843
3554 17423
3555 32649
3556 42791
3557 77984
3558 56568
3559 77913
3560 70820
3561 1438
3562 490
3563 32071
3564 65003
3565 39916
3566 49143
3567 8978
3568 35470
3569 60976
3570 8805
3571 69299
3572 44259
3573 29910
3574 34257
3575 24456
3576 36479
3577 59234
3578 11340
3579 75205
3580 43270
3581 36310
3582 67930
3583 72233
3584 74153
3585 5354
3586 24882
3587 36945
3588 39690
3589 37802
3590 34858
3591 66862
3592 39241
3593 35348
3594 55286
3595 60596
3596 31617
3597 60781
3598 69574
3599 23439
3600 41757
3601 34731
3602 12738
3603 6017
3604 20994
3605 46995
3606 66825
3607 57473
3608 26230
3609 78165
3610 52679
3611 25852
3612 34475
3613 76961
3614 18085
3615 28629
3616 38667
3617 79320
3618 21926
3619 34709
3620 37122
3621 13136
3622 21572
3623 32715
3624 48485
3625 33210
3626 49663
3627 36454
3628 13991
3629 75590
3630 59893
3631 55748
3632 30321
3633 72631
3634 18117
3635 51315
3636 75978
3637 4942
3638 65141
3639 58560
3640 3108
3641 74172
3642 4412
3643 73935
3644 27485
3645 58850
3646 58916
3647 66153
3648 14522
3649 842
3650 20862
3651 7996
3652 13979
3653 78786
3654 77064
3655 18816
3656 31996
3657 46727
3658 55270
3659 45987
3660 78669
3661 71515
3662 58088
3663 65343
3664 20498
3665 76205
3666 36658
3667 16476
3668 37500
3669 58151
3670 75037
3671 76960
3672 52323
3673 35801
3674 70895
3675 79809
3676 51003
3677 6164
3678 22314
3679 65525
3680 7006
3681 79528
3682 29874
3683 57337
3684 78315
3685 26938
3686 76153
3687 30311
3688 30017
3689 7775
3690 32651
3691 28687
3692 79290
3693 10739
3694 14030
3695 19788
3696 43296
3697 7040
3698 72617
3699 37148
3700 21544
3701 67654
3702 34108
3703 73867
3704 59807
3705 61356
3706 30028
3707 67163
3708 67520
3709 8694
3710 9040
3711 74526
3712 8223
3713 38914
3714 8216
3715 6538
3716 22204
3717 4369
3718 73201
3719 52222
3720 48497
3721 25852
3722 37261
3723 47787
3724 72943
3725 7643
3726 23928
3727 72592
3728 14683
3729 16545
3730 29740
3731 36227
3732 40551
3733 63849
3734 66447
3735 20358
3736 1557
3737 52827
3738 43873
3739 69077
3740 17874
3741 52914
3742 19955
3743 26097
3744 11828
3745 28171
3746 32635
3747 70385
3748 68893
3749 62188
3750 42607
3751 37390
3752 8041
3753 36220
3754 41529
3755 984
3756 43863
3757 65457
3758 73576
3759 14898
3760 2002
3761 59669
3762 7478
3763 42553
3764 43518
3765 30277
3766 19264
3767 45075
3768 39456
3769 63137
3770 70504
3771 57330
3772 72403
3773 10459
3774 3427
3775 4232
3776 38631
3777 72414
3778 30969
3779 63876
3780 54603
3781 73576
3782 21266
3783 18996
3784 66148
3785 62795
3786 19980
3787 30011
3788 48253
3789 49909
3790 1261
3791 6607
3792 29578
3793 8739
3794 5513
3795 29448
3796 75368
3797 24777
3798 30875
3799 34825
3800 44266
3801 57731
3802 12155
3803 36670
3804 68190
3805 15583
3806 77254
3807 63173
3808 44349
3809 28223
3810 47049
3811 55304
3812 58151
3813 24667
3814 74300
3815 651
3816 7463
3817 50633
3818 30662
3819 12068
3820 56894
3821 68275
3822 55027
3823 6472
3824 77015
3825 60540
3826 72272
3827 72383
3828 41669
3829 59499
3830 63560
3831 42288
3832 37230
3833 75716
3834 35310
3835 61772
3836 47651
3837 32564
3838 44946
3839 12000
3840 17139
3841 48347
3842 23657
3843 31642
3844 73015
3845 17957
3846 32293
3847 36830
3848 68590
3849 19307
3850 5250
3851 45484
3852 43934
3853 60277
3854 8308
3855 40949
3856 40818
3857 36932
3858 69685
3859 38839
3860 52783
3861 53245
3862 1127
3863 10013
3864 5313
3865 36437
3866 28138
3867 52964
3868 25353
3869 29436
3870 21317
3871 78844
3872 77783
3873 44974
3874 66838
3875 27150
3876 19283
3877 55483
3878 63980
3879 7874
3880 74790
3881 25582
3882 9710
3883 75077
3884 5860
3885 54371
3886 36026
3887 3030
3888 47655
3889 62063
3890 41869
3891 20439
3892 71661
3893 42997
3894 66804
3895 76974
3896 35786
3897 14942
3898 6291
3899 61140
3900 44378
3901 27608
3902 16336
3903 78514
3904 28934
3905 3175
3906 25664
3907 48217
3908 58658
3909 45997
3910 12443
3911 9801
3912 71579
3913 58506
3914 4878
3915 33791
3916 69229
3917 77256
3918 36821
3919 36884
3920 59320
3921 78691
3922 57323
3923 7333
3924 78040
3925 44128
3926 4307
3927 70178
3928 15422
3929 46950
3930 51318
3931 16153
3932 74558
3933 67655
3934 14667
3935 59844
3936 70830
3937 76683
3938 28062
3939 5840
3940 42680
3941 76857
3942 15641
3943 70612
3944 55363
3945 20519
3946 24403
3947 44592
3948 17776
3949 61225
3950 37829
3951 33448
3952 16268
3953 15152
3954 40781
3955 50660
3956 15632
3957 1440
3958 40838
3959 67407
3960 48391
3961 48509
3962 3560
3963 79301
3964 36164
3965 18227
3966 59146
3967 63346
3968 51262
3969 43560
3970 25538
3971 13943
3972 76769
3973 41180
3974 40907
3975 8485
3976 18051
3977 65310
3978 9429
3979 72179
3980 2887
3981 47258
3982 61979
3983 55507
3984 18763
3985 59112
3986 26167
3987 34395
3988 60553
3989 23358
3990 58154
3991 65296
3992 71867
3993 61714
3994 20949
3995 64383
3996 36293
3997 36447
3998 47729
3999 7556
4000 36359
4001 73267
4002 57851
4003 33129
4004 70799
4005 18758
4006 41614
4007 8851
4008 40420
4009 7395
4010 37382
4011 43308
4012 54654
4013 19362
4014 55167
4015 73417
4016 78474
4017 1335
4018 64164
4019 15379
4020 24693
4021 42319
4022 675
4023 52912
4024 60385
4025 57977
4026 37295
4027 16679
4028 14424
4029 41376
4030 24235
4031 50784
4032 70995
4033 38438
4034 40265
4035 61795
4036 57196
4037 1879
4038 26998
4039 17616
4040 9274
4041 64380
4042 17276
4043 20280
4044 3742
4045 72444
4046 50049
4047 38569
4048 30131
4049 34214
4050 53948
4051 11176
4052 32885
4053 10976
4054 20440
4055 49622
4056 68953
4057 57735
4058 66301
4059 39729
4060 19111
4061 46888
4062 10513
4063 10106
4064 5326
4065 50778
4066 28253
4067 18874
4068 9009
4069 55251
4070 72843
4071 54636
4072 75984
4073 10119
4074 74916
4075 79726
4076 38915
4077 1318
4078 74647
4079 25398
4080 35532
4081 48596
4082 72926
4083 24769
4084 15924
4085 13366
4086 74391
4087 4877
4088 71101
4089 17045
4090 44606
4091 46564
4092 20285
4093 11472
4094 56671
4095 25612
4096 18602
4097 41276
4098 838
4099 27612
4100 16528
4101 73681
4102 38600
4103 12512
4104 40153
4105 33516
4106 48590
4107 35420
4108 34834
4109 43238
4110 17171
4111 26718
4112 48186
4113 10097
4114 7839
4115 64110
4116 59816
4117 38583
4118 25339
4119 7269
4120 55628
4121 26297
4122 53834
4123 75913
4124 37769
4125 66857
4126 57877
4127 56372
4128 28133
4129 58716
4130 40336
4131 44661
4132 8749
4133 78936
4134 13525
4135 5254
4136 68804
4137 62116
4138 40675
4139 59991
4140 61706
4141 57846
4142 43061
4143 29892
4144 67943
4145 50901
4146 50354
4147 4111
4148 9484
4149 75693
4150 11381
4151 21464
4152 21990
4153 65215
4154 17377
4155 16112
4156 8424
4157 31607
4158 72484
4159 36557
4160 46675
4161 32820
4162 37571
4163 11776
4164 31756
4165 51096
4166 17031
4167 56912
4168 69564
4169 57706
4170 36903
4171 7622
4172 35552
4173 79965
4174 73866
4175 59847
4176 50866
4177 44220
4178 63959
4179 16702
4180 76265
4181 31692
4182 38166
4183 54608
4184 16907
4185 11895
4186 70720
4187 61683
4188 79854
4189 63204
4190 18240
4191 46529
4192 52376
4193 12163
4194 14658
4195 40484
4196 19612
4197 31689
4198 17396
4199 45528
4200 9395
4201 10652
4202 53151
4203 1299
4204 10617
4205 3369
4206 17498
4207 17835
4208 47590
4209 37809
4210 34537
4211 207
4212 69501
4213 29055
4214 54815
4215 42760
4216 77302
4217 1887
4218 24443
4219 77157
4220 21443
4221 79036
4222 38
4223 73819
4224 11199
4225 14696
4226 70655
4227 30811
4228 46385
4229 44404
4230 76340
4231 12132
4232 55056
4233 5843
4234 49783
4235 65673
4236 9212
4237 67282
4238 3508
4239 13154
4240 61443
4241 74397
4242 13362
4243 50945
4244 23452
4245 24529
4246 50057
4247 20754
4248 62769
4249 74501
4250 54263
4251 4212
4252 29889
4253 54302
4254 34384
4255 41088
4256 25350
4257 25039
4258 28252
4259 71736
4260 25795
4261 60944
4262 40220
4263 851
4264 66787
4265 10004
4266 22876
4267 75999
4268 33638
4269 26384
4270 45506
4271 15081
4272 57133
4273 15220
4274 22378
4275 36937
4276 39749
4277 72436
4278 14044
4279 22518
4280 23289
4281 68307
4282 63083
4283 53178
4284 78961
4285 17467
4286 50618
4287 24312
4288 78858
4289 78870
4290 52400
4291 24654
4292 16166
4293 12620
4294 25505
4295 2953
4296 58976
4297 48382
4298 35305
4299 12614
4300 31118
4301 811
4302 64048
4303 44604
4304 16031
4305 6426
4306 1541
4307 12132
4308 78862
4309 51937
4310 71003
4311 22151
4312 76597
4313 54086
4314 31681
4315 75558
4316 27905
4317 38652
4318 56222
4319 26763
4320 37522
4321 28622
4322 51417
4323 10041
4324 77595
4325 33275
4326 12994
4327 56571
4328 38009
4329 4651
4330 25538
4331 69127
4332 5462
4333 9586
4334 70083
4335 57845
4336 16012
4337 27977
4338 69978
4339 51227
4340 79914
4341 17333
4342 29730
4343 76511
4344 71419
4345 17764
4346 72070
4347 19324
4348 56416
4349 4644
4350 2439
4351 50290
4352 33267
4353 53857
4354 60331
4355 67214
4356 43484
4357 73326
4358 137
4359 1493
4360 34329
4361 25675
4362 26972
4363 39792
4364 71613
4365 17056
4366 53989
4367 43978
4368 45033
4369 319
4370 51557
4371 1299
4372 17652
4373 1287
4374 77811
4375 45423
4376 19051
4377 26233
4378 21099
4379 75467
4380 30877
4381 23539
4382 2110
4383 20496
4384 33748
4385 62441
4386 7710
4387 77232
4388 12119
4389 7848
4390 78725
4391 46449
4392 69875
4393 25697
4394 42593
4395 17841
4396 79105
4397 16582
4398 18171
4399 490
4400 16902
4401 69728
4402 1790
4403 34554
4404 27367
4405 79601
4406 36330
4407 46419
4408 62186
4409 57429
4410 78238
4411 13063
4412 968
4413 348
4414 69912
4415 34716
4416 19142
4417 33974
4418 31948
4419 31261
4420 78174
4421 67025
4422 77710
4423 68050
4424 12723
4425 76655
4426 42243
4427 48180
4428 13238
4429 60414
4430 48671
4431 66492
4432 6494
4433 50461
4434 57398
4435 33861
4436 6414
4437 13728
4438 36632
4439 68600
4440 71158
4441 34871
4442 38015
4443 72126
4444 71571
4445 27927
4446 63195
4447 10713
4448 61902
4449 15143
4450 41975
4451 60076
4452 38521
4453 76037
4454 4478
4455 51244
4456 29045
4457 3073
4458 55776
4459 42283
4460 19839
4461 24447
4462 28775
4463 26333
4464 74908
4465 42525
4466 60195
4467 1322
4468 56254
4469 16827
4470 26274
4471 47412
4472 8050
4473 64290
4474 75890
4475 79622
4476 12217
4477 59085
4478 46687
4479 30471
4480 30581
4481 45014
4482 10548
4483 69102
4484 77404
4485 51378
4486 76698
4487 26449
4488 54452
4489 52474
4490 68732
4491 74291
4492 76922
4493 53859
4494 20625
4495 28182
4496 16384
4497 37172
4498 29505
4499 72638
4500 10351
4501 55779
4502 76402
4503 18402
4504 76421
4505 72293
4506 54376
4507 8639
4508 51378
4509 21063
4510 75462
4511 38311
4512 66078
4513 42362
4514 27413
4515 63482
4516 13741
4517 24111
4518 46283
4519 24545
4520 76586
4521 35015
4522 55188
4523 29860
4524 45226
4525 75813
4526 58042
4527 17962
4528 69337
4529 7547
4530 46953
4531 79689
4532 19679
4533 43355
4534 54443
4535 16100
4536 72000
4537 28819
4538 61091
4539 43379
4540 49882
4541 56554
4542 38042
4543 72312
4544 18916
4545 65456
4546 12146
4547 69009
4548 9567
4549 58429
4550 13554
4551 42505
4552 49796
4553 68743
4554 72365
4555 51374
4556 20908
4557 50408
4558 69337
4559 46598
4560 14307
4561 36290
4562 2639
4563 33986
4564 35997
4565 57082
4566 6439
4567 27998
4568 5901
4569 23882
4570 27729
4571 12135
4572 36788
4573 65771
4574 40800
4575 55705
4576 51227
4577 52946
4578 1066
4579 17147
4580 67728
4581 50973
4582 16004
4583 73876
4584 76068
4585 8370
4586 45251
4587 53328
4588 58778
4589 70940
4590 19926
4591 73085
4592 27230
4593 22565
4594 63424
4595 19579
4596 79647
4597 26215
4598 3929
4599 41900
4600 50097
4601 31658
4602 54036
4603 6886
4604 53782
4605 51188
4606 18943
4607 61361
4608 24134
4609 56361
4610 34860
4611 48214
4612 27334
4613 50865
4614 42091
4615 23402
4616 59235
4617 7342
4618 33083
4619 74365
4620 78282
4621 53009
4622 23802
4623 61864
4624 31927
4625 7226
4626 37795
4627 67926
4628 69793
4629 41725
4630 29827
4631 39891
4632 29735
4633 40215
4634 3129
4635 3517
4636 11403
4637 58424
4638 21231
4639 71889
4640 34785
4641 56091
4642 76456
4643 18472
4644 26956
4645 38547
4646 78226
4647 6191
4648 2241
4649 31309
4650 556
4651 36875
4652 40671
4653 24359
4654 55091
4655 72598
4656 67937
4657 12886
4658 16876
4659 14083
4660 10963
4661 3055
4662 10326
4663 40699
4664 79622
4665 13455
4666 568
4667 47377
4668 28231
4669 21799
4670 39267
4671 63016
4672 77891
4673 35723
4674 37840
4675 61199
4676 30622
4677 36067
4678 67391
4679 32863
4680 67376
4681 24299
4682 69738
4683 28047
4684 5010
4685 44829
4686 56997
4687 29300
4688 57715
4689 73874
4690 43383
4691 25031
4692 76929
4693 53709
4694 65730
4695 32904
4696 23516
4697 66298
4698 281
4699 51747
4700 8098
4701 39548
4702 71115
4703 42341
4704 31623
4705 28956
4706 23540
4707 62245
4708 21375
4709 47283
4710 51460
4711 8751
4712 27935
4713 41198
4714 73151
4715 69297
4716 42379
4717 6500
4718 54949
4719 56447
4720 36726
4721 54684
4722 1478
4723 70008
4724 28393
4725 67208
4726 22912
4727 8261
4728 9858
4729 23193
4730 16360
4731 54308
4732 19094
4733 7476
4734 53001
4735 50717
4736 72784
4737 76542
4738 69315
4739 14159
4740 177
4741 77127
4742 59262
4743 64464
4744 38326
4745 8765
4746 10114
4747 37057
4748 15266
4749 65063
4750 13504
4751 51992
4752 39748
4753 51334
4754 78352
4755 24493
4756 38542
4757 21264
4758 32755
4759 4753
4760 44458
4761 49115
4762 59061
4763 63552
4764 12943
4765 32063
4766 70621
4767 5727
4768 64957
4769 16288
4770 19886
4771 21486
4772 13416
4773 79149
4774 5951
4775 8094
4776 7914
4777 16065
4778 1503
4779 59532
4780 37480
4781 15008
4782 67877
4783 77228
4784 22694
4785 66229
4786 58074
4787 17589
4788 7494
4789 10829
4790 22342
4791 8304
4792 16296
4793 37755
4794 28208
4795 29240
4796 26170
4797 55181
4798 71319
4799 11127
4800 27822
4801 47558
4802 68966
4803 41238
4804 3059
4805 74917
4806 5684
4807 47325
4808 47334
4809 7187
4810 26858
4811 41166
4812 58547
4813 14735
4814 74747
4815 37594
4816 37316
4817 52821
4818 55183
4819 44810
4820 20002
4821 77525
4822 9466
4823 36298
4824 35280
4825 37674
4826 21890
4827 61451
4828 12856
4829 13210
4830 28930
4831 40678
4832 60768
4833 17896
4834 38268
4835 63827
4836 49165
4837 304
4838 31152
4839 52851
4840 43843
4841 14362
4842 50370
4843 58743
4844 65449
4845 45117
4846 16337
4847 22766
4848 17938
4849 71520
4850 23928
4851 37940
4852 25397
4853 33395
4854 30590
4855 17029
4856 71069
4857 52481
4858 34832
4859 40277
4860 22043
4861 20115
4862 37307
4863 39163
4864 74363
4865 31927
4866 59342
4867 43529
4868 68583
4869 46846
4870 52732
4871 32427
4872 61209
4873 23102
4874 47522
4875 46658
4876 68219
4877 20211
4878 25776
4879 42509
4880 48083
4881 49705
4882 449
4883 73480
4884 3100
4885 31040
4886 46861
4887 30521
4888 39873
4889 1694
4890 27151
4891 61916
4892 21809
4893 20810
4894 21079
4895 16172
4896 9090
4897 421
4898 16053
4899 77673
4900 3619
4901 25138
4902 66452
4903 64828
4904 4592
4905 33974
4906 67839
4907 29164
4908 10537
4909 49967
4910 71673
4911 58620
4912 19672
4913 72123
4914 52100
4915 59124
4916 59515
4917 18962
4918 45998
4919 19388
4920 57008
4921 29501
4922 37656
4923 78817
4924 50311
4925 58735
4926 51341
4927 59401
4928 15508
4929 23747
4930 13427
4931 19127
4932 48885
4933 79879
4934 40308
4935 9829
4936 70206
4937 64499
4938 38993
4939 743
4940 34466
4941 30667
4942 59364
4943 10491
4944 59142
4945 67816
4946 69615
4947 75009
4948 43130
4949 71965
4950 14397
4951 20138
4952 21466
4953 52053
4954 55307
4955 28130
4956 67140
4957 26649
4958 43883
4959 39000
4960 6748
4961 57310
4962 14479
4963 11985
4964 13542
4965 54787
4966 21814
4967 40100
4968 75638
4969 60808
4970 40843
4971 30105
4972 47827
4973 56559
4974 76948
4975 63321
4976 44376
4977 66563
4978 58330
4979 7506
4980 14881
4981 29079
4982 63997
4983 72699
4984 37484
4985 39304
4986 20829
4987 60976
4988 22305
4989 21065
4990 19976
4991 29053
4992 78375
4993 70807
4994 41038
4995 48269
4996 45595
4997 19205
4998 8369
4999 77585
5000 13
