5000
4999 75438
4998 24084
4997 56078
4996 73356
4995 54797
4994 49188
4993 63608
4992 25033
4991 43490
4990 60949
4989 16930
4988 32468
4987 38908
4986 38886
4985 40214
4984 40853
4983 19852
4982 57895
4981 51151
4980 78915
4979 32589
4978 78121
4977 68720
4976 51732
4975 10901
4974 73653
4973 70050
4972 49258
4971 38456
4970 39421
4969 41681
4968 33894
4967 19857
4966 54112
4965 63603
4964 31007
4963 23300
4962 3563
4961 56040
4960 23142
4959 64512
4958 29322
4957 11962
4956 23420
4955 68208
4954 52176
4953 20626
4952 44413
4951 66423
4950 71777
4949 79680
4948 19012
4947 26250
4946 68401
4945 70744
4944 37151
4943 62054
4942 17147
4941 42762
4940 20510
4939 12920
4938 4443
4937 10757
4936 32778
4935 14907
4934 30712
4933 63785
4932 74559
4931 34275
4930 76177
4929 17702
4928 55140
4927 25500
4926 29664
4925 34912
4924 50060
4923 1841
4922 55538
4921 14473
4920 24616
4919 3667
4918 14154
4917 43629
4916 29918
4915 38907
4914 34373
4913 67069
4912 20961
4911 7872
4910 66183
4909 77824
4908 20793
4907 26979
4906 44933
4905 53571
4904 41886
4903 75645
4902 37356
4901 36446
4900 66272
4899 69885
4898 54148
4897 77764
4896 15385
4895 40164
4894 69029
4893 65446
4892 78357
4891 919
4890 36271
4889 22974
4888 4587
4887 6777
4886 66603
4885 34505
4884 45684
4883 57328
4882 57926
4881 22998
4880 65201
4879 44110
4878 20822
4877 5994
4876 71089
4875 22107
4874 15917
4873 32975
4872 17752
4871 9625
4870 69421
4869 40376
4868 79510
4867 79921
4866 38141
4865 51248
4864 40086
4863 63522
4862 73046
4861 74795
4860 64441
4859 29317
4858 17769
4857 69028
4856 72447
4855 4372
4854 23533
4853 38131
4852 61701
4851 1460
4850 17481
4849 46902
4848 1922
4847 38303
4846 9248
4845 73011
4844 16762
4843 25165
4842 25986
4841 70866
4840 34790
4839 51760
4838 31243
4837 70652
4836 8033
4835 25736
4834 41900
4833 4471
4832 9258
4831 34946
4830 79267
4829 73699
4828 20616
4827 17036
4826 19080
4825 13063
4824 57761
4823 42613
4822 7546
4821 39462
4820 425
4819 25028
4818 42716
4817 2347
4816 19683
4815 8316
4814 75358
4813 36446
4812 33481
4811 57697
4810 27312
4809 24623
4808 65809
4807 58555
4806 15275
4805 30194
4804 40643
4803 57176
4802 34666
4801 49901
4800 48474
4799 33933
4798 79953
4797 69090
4796 7321
4795 19033
4794 2153
4793 65082
4792 17998
4791 46052
4790 60896
4789 18424
4788 71080
4787 23612
4786 57123
4785 10763
4784 31928
4783 8834
4782 3561
4781 21761
4780 66531
4779 30874
4778 2736
4777 8692
4776 45781
4775 18012
4774 75238
4773 6425
4772 31540
4771 29904
4770 12678
4769 14
4768 20189
4767 48983
4766 25457
4765 63863
4764 24368
4763 63962
4762 48945
4761 42367
4760 30014
4759 29842
4758 17143
4757 57446
4756 9806
4755 74266
4754 68210
4753 78087
4752 3100
4751 71771
4750 19848
4749 25983
4748 58997
4747 22585
4746 71027
4745 24779
4744 76949
4743 66266
4742 67556
4741 64841
4740 52522
4739 234
4738 21207
4737 72712
4736 5570
4735 46664
4734 56575
4733 29938
4732 66979
4731 61872
4730 72305
4729 53345
4728 11714
4727 45800
4726 30792
4725 57873
4724 40067
4723 55354
4722 55960
4721 79519
4720 3477
4719 32160
4718 25503
4717 62475
4716 11097
4715 52882
4714 7254
4713 8046
4712 39148
4711 31162
4710 29239
4709 11671
4708 31396
4707 50447
4706 40735
4705 73318
4704 53463
4703 17310
4702 23257
4701 40442
4700 79182
4699 51914
4698 13788
4697 47249
4696 17715
4695 44580
4694 25122
4693 14134
4692 56286
4691 1082
4690 13653
4689 59763
4688 69594
4687 75508
4686 42238
4685 692
4684 4743
4683 5844
4682 8738
4681 43891
4680 37006
4679 74330
4678 11914
4677 24755
4676 44777
4675 52649
4674 18073
4673 18240
4672 26311
4671 77682
4670 15035
4669 61846
4668 5949
4667 65175
4666 65447
4665 23664
4664 66107
4663 46921
4662 74150
4661 42393
4660 4355
4659 44155
4658 22156
4657 73949
4656 39664
4655 20747
4654 74641
4653 759
4652 26591
4651 39732
4650 44650
4649 19950
4648 34062
4647 12917
4646 1057
4645 78839
4644 21918
4643 19130
4642 53431
4641 4582
4640 53165
4639 24818
4638 66428
4637 59114
4636 9993
4635 8227
4634 39130
4633 76100
4632 55148
4631 33280
4630 38493
4629 59503
4628 77435
4627 17002
4626 53452
4625 73451
4624 37749
4623 48094
4622 74210
4621 20692
4620 44178
4619 75213
4618 40642
4617 78240
4616 44482
4615 78051
4614 33431
4613 66400
4612 17182
4611 43214
4610 70982
4609 26699
4608 68033
4607 13762
4606 5813
4605 78026
4604 21989
4603 1295
4602 30479
4601 77137
4600 34575
4599 25324
4598 12992
4597 68362
4596 42326
4595 66445
4594 18166
4593 36427
4592 70891
4591 48728
4590 13472
4589 35069
4588 43941
4587 10466
4586 69661
4585 44775
4584 8518
4583 23092
4582 31176
4581 62052
4580 66306
4579 58510
4578 8751
4577 10691
4576 28625
4575 50916
4574 8718
4573 50614
4572 52211
4571 39197
4570 4104
4569 6786
4568 20873
4567 53448
4566 31500
4565 63200
4564 76245
4563 49666
4562 55979
4561 67136
4560 18395
4559 69451
4558 58557
4557 18688
4556 79918
4555 4570
4554 63464
4553 8436
4552 64014
4551 50992
4550 70488
4549 50321
4548 65854
4547 79239
4546 61012
4545 14479
4544 6507
4543 26082
4542 21446
4541 58718
4540 21631
4539 61902
4538 65504
4537 42505
4536 35350
4535 53356
4534 62057
4533 31596
4532 23023
4531 74388
4530 55084
4529 77770
4528 63840
4527 69994
4526 16458
4525 63758
4524 74564
4523 36274
4522 28546
4521 58579
4520 43618
4519 19034
4518 65252
4517 29473
4516 54625
4515 2616
4514 304
4513 61132
4512 65051
4511 21750
4510 39850
4509 43034
4508 3652
4507 61706
4506 41891
4505 75355
4504 71414
4503 23948
4502 63303
4501 14437
4500 18337
4499 74739
4498 12207
4497 38529
4496 64733
4495 65018
4494 58639
4493 15650
4492 21292
4491 7185
4490 30581
4489 64911
4488 62571
4487 52185
4486 50736
4485 73548
4484 54801
4483 51040
4482 54680
4481 76204
4480 72791
4479 50882
4478 39239
4477 32795
4476 68940
4475 1130
4474 64502
4473 60354
4472 61431
4471 4157
4470 31144
4469 36120
4468 78897
4467 43351
4466 74649
4465 63630
4464 64721
4463 53288
4462 35632
4461 6014
4460 16825
4459 66213
4458 27277
4457 79396
4456 74750
4455 34365
4454 72944
4453 49552
4452 5405
4451 3976
4450 2108
4449 34548
4448 11210
4447 41347
4446 23696
4445 150
4444 78830
4443 8198
4442 16856
4441 60261
4440 12356
4439 48000
4438 52733
4437 47605
4436 47704
4435 47382
4434 31235
4433 32425
4432 57022
4431 23220
4430 74791
4429 30199
4428 45785
4427 22068
4426 29595
4425 40536
4424 56433
4423 58891
4422 46440
4421 18191
4420 19219
4419 48548
4418 52739
4417 30429
4416 46248
4415 76435
4414 66931
4413 45078
4412 40986
4411 3787
4410 61691
4409 9694
4408 51788
4407 34424
4406 57299
4405 19492
4404 38158
4403 44886
4402 51917
4401 51532
4400 68106
4399 46709
4398 1731
4397 70244
4396 25129
4395 67678
4394 30780
4393 37915
4392 46569
4391 77220
4390 12458
4389 22140
4388 2120
4387 65197
4386 52569
4385 48368
4384 17985
4383 39500
4382 49798
4381 15323
4380 79639
4379 31489
4378 25017
4377 51427
4376 22265
4375 2316
4374 27271
4373 16775
4372 3554
4371 35541
4370 68307
4369 71661
4368 38602
4367 70038
4366 61905
4365 20083
4364 14068
4363 49037
4362 57998
4361 16989
4360 46257
4359 70456
4358 39129
4357 48377
4356 12006
4355 48050
4354 53098
4353 29991
4352 43902
4351 22896
4350 45314
4349 43542
4348 10738
4347 26683
4346 51321
4345 33003
4344 65351
4343 78593
4342 6131
4341 68905
4340 70486
4339 74438
4338 16918
4337 29088
4336 20829
4335 35175
4334 49171
4333 34897
4332 4212
4331 63522
4330 8239
4329 6821
4328 10330
4327 47368
4326 11551
4325 22336
4324 15419
4323 64649
4322 8679
4321 59321
4320 7545
4319 10345
4318 59215
4317 18283
4316 37028
4315 30537
4314 7639
4313 22379
4312 65482
4311 50122
4310 47637
4309 55968
4308 44560
4307 64555
4306 41408
4305 21741
4304 19731
4303 46931
4302 12991
4301 23943
4300 30453
4299 21230
4298 67117
4297 77136
4296 68598
4295 78668
4294 19472
4293 40369
4292 63317
4291 64504
4290 56043
4289 70862
4288 31201
4287 35258
4286 45498
4285 68230
4284 65795
4283 9489
4282 46961
4281 7629
4280 59611
4279 50950
4278 19949
4277 60523
4276 35506
4275 17709
4274 38617
4273 11589
4272 64641
4271 51608
4270 71884
4269 51446
4268 72838
4267 59001
4266 48582
4265 17788
4264 57669
4263 24407
4262 14510
4261 40986
4260 45263
4259 70553
4258 68201
4257 76464
4256 25811
4255 70051
4254 21046
4253 47959
4252 35892
4251 68008
4250 11940
4249 15503
4248 38958
4247 31890
4246 32378
4245 30816
4244 49599
4243 70995
4242 42405
4241 70592
4240 78955
4239 34290
4238 42039
4237 71793
4236 13291
4235 10621
4234 45934
4233 70961
4232 71380
4231 60444
4230 68299
4229 36643
4228 7349
4227 12852
4226 33108
4225 33160
4224 2903
4223 10506
4222 37471
4221 75147
4220 78514
4219 49412
4218 47002
4217 73825
4216 37654
4215 79381
4214 60993
4213 7253
4212 26728
4211 23399
4210 77846
4209 25684
4208 14041
4207 76237
4206 53829
4205 27332
4204 43210
4203 56115
4202 54645
4201 34591
4200 36559
4199 79297
4198 27586
4197 43908
4196 12149
4195 17046
4194 33421
4193 51405
4192 27553
4191 27244
4190 46552
4189 62419
4188 76656
4187 13555
4186 56244
4185 34310
4184 49288
4183 73590
4182 77916
4181 76016
4180 16989
4179 32114
4178 21700
4177 67382
4176 28351
4175 31882
4174 51066
4173 71561
4172 7997
4171 25712
4170 26152
4169 909
4168 61361
4167 10091
4166 44817
4165 29862
4164 27137
4163 34590
4162 1267
4161 54690
4160 61835
4159 4172
4158 37110
4157 14843
4156 17727
4155 49706
4154 49154
4153 23367
4152 43296
4151 3422
4150 19383
4149 16637
4148 35536
4147 77436
4146 40371
4145 63887
4144 29318
4143 11438
4142 55448
4141 73667
4140 73502
4139 37953
4138 74576
4137 54863
4136 4396
4135 75746
4134 4725
4133 31533
4132 30336
4131 42345
4130 42576
4129 48523
4128 46517
4127 36038
4126 63367
4125 20596
4124 5744
4123 68873
4122 43963
4121 5393
4120 28647
4119 19698
4118 58382
4117 64183
4116 53486
4115 18754
4114 4422
4113 39156
4112 66544
4111 16222
4110 32824
4109 60046
4108 10527
4107 27400
4106 34909
4105 14923
4104 59498
4103 75986
4102 46457
4101 46187
4100 38331
4099 45385
4098 14710
4097 41200
4096 1423
4095 34429
4094 18148
4093 43519
4092 59654
4091 18463
4090 5264
4089 8301
4088 74514
4087 19999
4086 72484
4085 48000
4084 75105
4083 33258
4082 7157
4081 61649
4080 49481
4079 76333
4078 41695
4077 60008
4076 60085
4075 32956
4074 74932
4073 39584
4072 28942
4071 77741
4070 5771
4069 23626
4068 43126
4067 56833
4066 21178
4065 44549
4064 47615
4063 39327
4062 8068
4061 27269
4060 57790
4059 13333
4058 35571
4057 8656
4056 33332
4055 64407
4054 56657
4053 28437
4052 17666
4051 20166
4050 46438
4049 67147
4048 52851
4047 8133
4046 3507
4045 32936
4044 41089
4043 78439
4042 28872
4041 26383
4040 76180
4039 34643
4038 6361
4037 39306
4036 47829
4035 27540
4034 3855
4033 15444
4032 23219
4031 48276
4030 42713
4029 37361
4028 17961
4027 34636
4026 46018
4025 51293
4024 55396
4023 59027
4022 36082
4021 73062
4020 79193
4019 2520
4018 16561
4017 52044
4016 47005
4015 20068
4014 41332
4013 44446
4012 18508
4011 70205
4010 27181
4009 51040
4008 61200
4007 33543
4006 10347
4005 29029
4004 17435
4003 50554
4002 825
4001 77006
4000 18830
3999 79891
3998 34367
3997 73143
3996 34527
3995 36737
3994 44436
3993 9923
3992 15764
3991 36870
3990 39337
3989 14957
3988 75742
3987 55898
3986 23353
3985 42747
3984 32319
3983 64686
3982 7193
3981 50827
3980 11243
3979 70727
3978 58219
3977 72443
3976 24270
3975 68566
3974 57825
3973 78057
3972 75473
3971 15002
3970 75063
3969 50655
3968 14893
3967 29430
3966 43799
3965 49421
3964 66168
3963 44587
3962 15696
3961 38284
3960 1458
3959 55034
3958 53242
3957 33552
3956 67284
3955 32947
3954 76300
3953 19603
3952 53985
3951 39845
3950 26782
3949 65228
3948 30572
3947 5002
3946 14024
3945 11194
3944 29920
3943 28201
3942 9251
3941 25393
3940 43203
3939 4314
3938 32401
3937 58097
3936 70097
3935 76200
3934 63870
3933 12617
3932 40787
3931 35918
3930 50901
3929 78597
3928 47304
3927 60495
3926 32150
3925 34589
3924 13443
3923 64802
3922 10544
3921 23780
3920 60999
3919 37327
3918 45361
3917 11572
3916 78681
3915 59385
3914 59118
3913 28601
3912 7586
3911 68370
3910 10347
3909 7141
3908 29036
3907 42748
3906 65238
3905 55485
3904 38948
3903 5460
3902 68102
3901 36087
3900 41379
3899 75356
3898 71037
3897 8683
3896 55851
3895 59539
3894 79624
3893 25646
3892 693
3891 10169
3890 49427
3889 61692
3888 3848
3887 51140
3886 73264
3885 2529
3884 30525
3883 52383
3882 31130
3881 74463
3880 77105
3879 77829
3878 37956
3877 26141
3876 40577
3875 23195
3874 1627
3873 35877
3872 65007
3871 26081
3870 28317
3869 62738
3868 21437
3867 55706
3866 71422
3865 33641
3864 35245
3863 71046
3862 59287
3861 35938
3860 37567
3859 65066
3858 17630
3857 41415
3856 36206
3855 47247
3854 43944
3853 23083
3852 55982
3851 31427
3850 53898
3849 53087
3848 29256
3847 11855
3846 35580
3845 26186
3844 71402
3843 73559
3842 62063
3841 56409
3840 55993
3839 10380
3838 75500
3837 77430
3836 66086
3835 66922
3834 67423
3833 57683
3832 14320
3831 46711
3830 13621
3829 8240
3828 68129
3827 67604
3826 49655
3825 60688
3824 71203
3823 49952
3822 40123
3821 47185
3820 37731
3819 14022
3818 56624
3817 66987
3816 25877
3815 48556
3814 13173
3813 53631
3812 78468
3811 31589
3810 66392
3809 54461
3808 41969
3807 61892
3806 8243
3805 64408
3804 5166
3803 75667
3802 78443
3801 19487
3800 78730
3799 12065
3798 64079
3797 23211
3796 36021
3795 33734
3794 3899
3793 27224
3792 40038
3791 44023
3790 30761
3789 77769
3788 14397
3787 43737
3786 21109
3785 76626
3784 12293
3783 34282
3782 50257
3781 47113
3780 65871
3779 36649
3778 21574
3777 64193
3776 18542
3775 66170
3774 4953
3773 23708
3772 61837
3771 3396
3770 79547
3769 16919
3768 51813
3767 63626
3766 40130
3765 44186
3764 53713
3763 44030
3762 27762
3761 13751
3760 44405
3759 58523
3758 47873
3757 58802
3756 58612
3755 68982
3754 55428
3753 70906
3752 59616
3751 62037
3750 74371
3749 1840
3748 55038
3747 15946
3746 66033
3745 73580
3744 2116
3743 27338
3742 53641
3741 20305
3740 67086
3739 9540
3738 37224
3737 38900
3736 29519
3735 77354
3734 39438
3733 39584
3732 77736
3731 67201
3730 53335
3729 78493
3728 2076
3727 57560
3726 57295
3725 60689
3724 46542
3723 69075
3722 7947
3721 26159
3720 51112
3719 2318
3718 27999
3717 62503
3716 18264
3715 50384
3714 56083
3713 56732
3712 34074
3711 66076
3710 33389
3709 21160
3708 31969
3707 70613
3706 16412
3705 17840
3704 24320
3703 55851
3702 57424
3701 58408
3700 43052
3699 30759
3698 56902
3697 45128
3696 44672
3695 70549
3694 25817
3693 11214
3692 59625
3691 33764
3690 37373
3689 67089
3688 36083
3687 21724
3686 49592
3685 10699
3684 72108
3683 62028
3682 23784
3681 26182
3680 4456
3679 57173
3678 3695
3677 72777
3676 4139
3675 20107
3674 10617
3673 64811
3672 75958
3671 68041
3670 43219
3669 39010
3668 55153
3667 56473
3666 40491
3665 19825
3664 47023
3663 66308
3662 31039
3661 63000
3660 56425
3659 24765
3658 50089
3657 48860
3656 2841
3655 56034
3654 15911
3653 74950
3652 74414
3651 39695
3650 57484
3649 78870
3648 53221
3647 61179
3646 28000
3645 57360
3644 1287
3643 38617
3642 78523
3641 33597
3640 26659
3639 78094
3638 72608
3637 38164
3636 54568
3635 69451
3634 57989
3633 21591
3632 12111
3631 45380
3630 4591
3629 68536
3628 26497
3627 11032
3626 73748
3625 29339
3624 23418
3623 9660
3622 60641
3621 17832
3620 49355
3619 38125
3618 53055
3617 58928
3616 55657
3615 1055
3614 36288
3613 13296
3612 76024
3611 71163
3610 46893
3609 59035
3608 69258
3607 75853
3606 17199
3605 43826
3604 65304
3603 31540
3602 21769
3601 33768
3600 76921
3599 62712
3598 22304
3597 59770
3596 30096
3595 16053
3594 9109
3593 53515
3592 62065
3591 69750
3590 71347
3589 31420
3588 64228
3587 754
3586 10349
3585 76237
3584 38161
3583 2989
3582 45885
3581 34186
3580 30505
3579 12778
3578 13221
3577 19763
3576 44984
3575 30421
3574 19941
3573 66640
3572 61961
3571 78062
3570 20408
3569 15234
3568 60774
3567 79065
3566 75005
3565 10870
3564 51470
3563 40466
3562 20737
3561 33535
3560 66569
3559 48437
3558 21307
3557 7149
3556 49191
3555 68008
3554 3386
3553 7353
3552 27350
3551 49271
3550 41539
3549 57855
3548 18401
3547 11112
3546 33970
3545 19737
3544 41533
3543 10263
3542 6378
3541 59847
3540 8325
3539 63138
3538 31433
3537 25451
3536 62203
3535 26438
3534 72673
3533 33673
3532 23257
3531 13411
3530 67208
3529 9826
3528 61848
3527 44868
3526 16975
3525 67391
3524 32876
3523 56713
3522 74744
3521 60226
3520 62336
3519 72635
3518 74433
3517 737
3516 3748
3515 28403
3514 20475
3513 1633
3512 38666
3511 63205
3510 17832
3509 3343
3508 46343
3507 49266
3506 28794
3505 28547
3504 32056
3503 21468
3502 18572
3501 55313
3500 34879
3499 42133
3498 21491
3497 53079
3496 7001
3495 38466
3494 40470
3493 39877
3492 15179
3491 71567
3490 56456
3489 33867
3488 64202
3487 7241
3486 34605
3485 24302
3484 35645
3483 11432
3482 62288
3481 30663
3480 74637
3479 120
3478 34007
3477 40980
3476 49386
3475 62801
3474 25879
3473 1443
3472 40621
3471 44452
3470 13108
3469 75500
3468 6585
3467 34600
3466 4931
3465 49938
3464 73066
3463 45402
3462 46167
3461 44598
3460 73321
3459 58975
3458 78465
3457 57523
3456 66217
3455 69422
3454 38178
3453 21862
3452 854
3451 20466
3450 8877
3449 31843
3448 20586
3447 42884
3446 29176
3445 26325
3444 62038
3443 55055
3442 27768
3441 22659
3440 55859
3439 40876
3438 54512
3437 18796
3436 75476
3435 15795
3434 68734
3433 24895
3432 61197
3431 71254
3430 25845
3429 54518
3428 50229
3427 60662
3426 68394
3425 36446
3424 50085
3423 62924
3422 14660
3421 7291
3420 3390
3419 23538
3418 39135
3417 60328
3416 22774
3415 68311
3414 6653
3413 4812
3412 79718
3411 70773
3410 63824
3409 55578
3408 68002
3407 74688
3406 30726
3405 19830
3404 10483
3403 19461
3402 44725
3401 28033
3400 10715
3399 26922
3398 2551
3397 17296
3396 7585
3395 27297
3394 53743
3393 14022
3392 10221
3391 68403
3390 21313
3389 49963
3388 11941
3387 60448
3386 30292
3385 71068
3384 5111
3383 73297
3382 75880
3381 4830
3380 64071
3379 16056
3378 16760
3377 52073
3376 10744
3375 47486
3374 71903
3373 57580
3372 23299
3371 72981
3370 5613
3369 34014
3368 19903
3367 8164
3366 7663
3365 63840
3364 71814
3363 61406
3362 77862
3361 38387
3360 49809
3359 19176
3358 8351
3357 18103
3356 35976
3355 74995
3354 9171
3353 41088
3352 68292
3351 41403
3350 45918
3349 52363
3348 13812
3347 62678
3346 24436
3345 60908
3344 30164
3343 52692
3342 38488
3341 53464
3340 45673
3339 44101
3338 43830
3337 21928
3336 8618
3335 51493
3334 5769
3333 432
3332 69251
3331 3631
3330 38819
3329 75413
3328 22807
3327 3522
3326 13516
3325 15136
3324 78517
3323 59039
3322 56224
3321 66810
3320 56794
3319 22142
3318 39173
3317 70606
3316 41172
3315 19962
3314 51515
3313 27688
3312 72654
3311 10003
3310 37504
3309 74679
3308 10457
3307 1335
3306 16607
3305 19075
3304 9180
3303 58728
3302 19507
3301 78432
3300 62360
3299 14678
3298 73845
3297 41519
3296 18201
3295 43713
3294 56655
3293 53070
3292 59104
3291 32879
3290 39880
3289 35898
3288 11373
3287 35406
3286 62857
3285 8897
3284 11720
3283 70724
3282 36586
3281 40726
3280 37079
3279 74090
3278 35405
3277 47536
3276 31777
3275 8364
3274 66611
3273 40958
3272 67093
3271 42470
3270 75742
3269 5805
3268 57149
3267 25939
3266 47324
3265 31702
3264 69652
3263 60332
3262 4772
3261 5108
3260 49563
3259 1005
3258 41006
3257 60937
3256 36411
3255 60215
3254 26186
3253 48131
3252 50939
3251 62772
3250 8857
3249 8019
3248 13215
3247 614
3246 11907
3245 44992
3244 8978
3243 78519
3242 42302
3241 32423
3240 40989
3239 74396
3238 38228
3237 54490
3236 20335
3235 41905
3234 6192
3233 46339
3232 22237
3231 47317
3230 51447
3229 28152
3228 48322
3227 48806
3226 9089
3225 41085
3224 29021
3223 71628
3222 9216
3221 36313
3220 54400
3219 54425
3218 684
3217 23967
3216 55039
3215 12591
3214 68960
3213 20369
3212 11110
3211 67614
3210 9145
3209 8452
3208 62011
3207 47373
3206 62942
3205 2346
3204 45630
3203 69135
3202 5038
3201 24219
3200 36452
3199 56485
3198 52372
3197 41126
3196 25291
3195 17813
3194 2211
3193 10665
3192 9441
3191 11427
3190 46978
3189 20194
3188 22204
3187 4014
3186 44161
3185 33595
3184 16605
3183 69473
3182 10316
3181 27716
3180 57088
3179 19461
3178 36168
3177 39099
3176 23187
3175 55462
3174 77797
3173 68817
3172 44597
3171 2835
3170 13037
3169 37401
3168 15673
3167 65409
3166 78527
3165 40964
3164 3222
3163 738
3162 7981
3161 12664
3160 48517
3159 11311
3158 69210
3157 27073
3156 15325
3155 33371
3154 60668
3153 31931
3152 22845
3151 27337
3150 15999
3149 36285
3148 46798
3147 8519
3146 75384
3145 69985
3144 63981
3143 29533
3142 15155
3141 64931
3140 32369
3139 64544
3138 22332
3137 48042
3136 49953
3135 57212
3134 45358
3133 9527
3132 14302
3131 9692
3130 58543
3129 19172
3128 21003
3127 47753
3126 46245
3125 72681
3124 37477
3123 63266
3122 60964
3121 16674
3120 10603
3119 76963
3118 52959
3117 57401
3116 41834
3115 48343
3114 3739
3113 62167
3112 34228
3111 55246
3110 47098
3109 66597
3108 39790
3107 25783
3106 70991
3105 46095
3104 2995
3103 72702
3102 55622
3101 53649
3100 2394
3099 70518
3098 72821
3097 59749
3096 74623
3095 39067
3094 52430
3093 32100
3092 22333
3091 33394
3090 48774
3089 69288
3088 66709
3087 21733
3086 46689
3085 28543
3084 26428
3083 6780
3082 10711
3081 60657
3080 18378
3079 14161
3078 3606
3077 58168
3076 39944
3075 30950
3074 24263
3073 79291
3072 23652
3071 36238
3070 52941
3069 62398
3068 63108
3067 45762
3066 42147
3065 57731
3064 41181
3063 14578
3062 46184
3061 19866
3060 4324
3059 14958
3058 9154
3057 71034
3056 73044
3055 12196
3054 55929
3053 55824
3052 55328
3051 22992
3050 72833
3049 73707
3048 37154
3047 76440
3046 51875
3045 33450
3044 63742
3043 32491
3042 32742
3041 7394
3040 25081
3039 42035
3038 69792
3037 8189
3036 7797
3035 68291
3034 22272
3033 5331
3032 39221
3031 68456
3030 25197
3029 43546
3028 39767
3027 70704
3026 34580
3025 69163
3024 2900
3023 46861
3022 44987
3021 58228
3020 69854
3019 37821
3018 51935
3017 27008
3016 70613
3015 60163
3014 60458
3013 54355
3012 49006
3011 49552
3010 18101
3009 74087
3008 11587
3007 44245
3006 38628
3005 55737
3004 32536
3003 17252
3002 61068
3001 71758
3000 42061
2999 42617
2998 35304
2997 38180
2996 33321
2995 26236
2994 27343
2993 36221
2992 73097
2991 28682
2990 50802
2989 19303
2988 22855
2987 22737
2986 46311
2985 13468
2984 39252
2983 63122
2982 24175
2981 8258
2980 32674
2979 78628
2978 38697
2977 44262
2976 42873
2975 77325
2974 19999
2973 75410
2972 50930
2971 37419
2970 23520
2969 12991
2968 36
2967 15176
2966 51171
2965 33358
2964 41412
2963 34866
2962 25931
2961 70861
2960 63548
2959 76733
2958 10165
2957 42756
2956 55823
2955 12828
2954 12576
2953 15075
2952 75950
2951 36752
2950 59686
2949 28625
2948 35380
2947 18383
2946 29239
2945 34606
2944 52061
2943 49238
2942 30016
2941 22991
2940 43009
2939 9888
2938 72334
2937 43045
2936 25064
2935 79857
2934 32755
2933 22828
2932 71075
2931 15039
2930 13689
2929 10975
2928 48124
2927 60206
2926 53731
2925 23947
2924 73035
2923 66308
2922 75375
2921 25337
2920 59412
2919 55061
2918 10314
2917 51144
2916 29796
2915 39553
2914 5750
2913 38209
2912 45143
2911 72118
2910 17552
2909 8152
2908 2006
2907 9886
2906 51198
2905 27070
2904 46095
2903 40305
2902 6250
2901 37170
2900 55344
2899 19940
2898 4498
2897 23469
2896 36498
2895 58229
2894 3768
2893 65885
2892 889
2891 35495
2890 11223
2889 60301
2888 46908
2887 21537
2886 31446
2885 76705
2884 61091
2883 73548
2882 34914
2881 26234
2880 65667
2879 52467
2878 34387
2877 67673
2876 18705
2875 41937
2874 51096
2873 21153
2872 38594
2871 57346
2870 14675
2869 13939
2868 33638
2867 19173
2866 73760
2865 70137
2864 33755
2863 77528
2862 12374
2861 34644
2860 33024
2859 23597
2858 51298
2857 79932
2856 45135
2855 39096
2854 32989
2853 62578
2852 32644
2851 24256
2850 45164
2849 54663
2848 33075
2847 79551
2846 78689
2845 51780
2844 77840
2843 49785
2842 29285
2841 36435
2840 63483
2839 43961
2838 6726
2837 53474
2836 63134
2835 486
2834 79963
2833 16889
2832 34366
2831 12337
2830 7886
2829 23742
2828 72287
2827 59184
2826 60027
2825 37422
2824 54632
2823 49368
2822 56352
2821 7276
2820 73624
2819 21516
2818 61940
2817 26699
2816 57420
2815 16981
2814 34832
2813 55260
2812 66766
2811 64117
2810 48047
2809 6601
2808 64430
2807 54773
2806 16427
2805 47565
2804 11611
2803 16390
2802 20806
2801 2330
2800 65080
2799 65044
2798 26072
2797 57367
2796 580
2795 42451
2794 51141
2793 55212
2792 11820
2791 27493
2790 18841
2789 5444
2788 5361
2787 37133
2786 68496
2785 62781
2784 54114
2783 23328
2782 74394
2781 77232
2780 43797
2779 42441
2778 40185
2777 28228
2776 53567
2775 56613
2774 32145
2773 65178
2772 29355
2771 9303
2770 67508
2769 14435
2768 74348
2767 49933
2766 71802
2765 74928
2764 12384
2763 42943
2762 6493
2761 24204
2760 26788
2759 25334
2758 66001
2757 32150
2756 18819
2755 54497
2754 51283
2753 72933
2752 77825
2751 45677
2750 26517
2749 77974
2748 44471
2747 66702
2746 26202
2745 54390
2744 43315
2743 58347
2742 75920
2741 72671
2740 67651
2739 19781
2738 43458
2737 18351
2736 69714
2735 35261
2734 49631
2733 38450
2732 34556
2731 12476
2730 19007
2729 17697
2728 74162
2727 5008
2726 6199
2725 12981
2724 59505
2723 57482
2722 42266
2721 13682
2720 59512
2719 68783
2718 11656
2717 60335
2716 55486
2715 74211
2714 34725
2713 55153
2712 8910
2711 30645
2710 4176
2709 32913
2708 6778
2707 47635
2706 51264
2705 76492
2704 39248
2703 57248
2702 71295
2701 30156
2700 69724
2699 10302
2698 47853
2697 63887
2696 51662
2695 10404
2694 76868
2693 67519
2692 67887
2691 75487
2690 1201
2689 3751
2688 64270
2687 49209
2686 64086
2685 76108
2684 79772
2683 18811
2682 7614
2681 8683
2680 5808
2679 11790
2678 41596
2677 12587
2676 15777
2675 49213
2674 45431
2673 55025
2672 26461
2671 36726
2670 41534
2669 52537
2668 3380
2667 45739
2666 36424
2665 55042
2664 56144
2663 69645
2662 42561
2661 44031
2660 65132
2659 114
2658 47782
2657 5754
2656 5676
2655 68220
2654 1863
2653 5448
2652 7031
2651 9477
2650 14131
2649 49191
2648 57619
2647 12080
2646 61778
2645 73397
2644 61293
2643 63562
2642 4774
2641 44106
2640 56640
2639 46308
2638 16643
2637 60021
2636 48400
2635 9420
2634 71415
2633 24544
2632 79065
2631 70329
2630 24927
2629 20549
2628 26795
2627 29061
2626 26303
2625 32471
2624 17281
2623 28166
2622 37920
2621 24312
2620 73995
2619 8403
2618 29855
2617 51615
2616 56835
2615 11634
2614 1364
2613 38128
2612 31548
2611 42490
2610 38586
2609 8188
2608 8799
2607 11582
2606 24561
2605 57199
2604 21002
2603 15977
2602 38095
2601 20067
2600 42658
2599 63022
2598 40616
2597 69453
2596 12083
2595 66919
2594 21925
2593 29364
2592 51438
2591 16197
2590 10028
2589 1785
2588 60952
2587 39883
2586 9752
2585 37788
2584 7869
2583 11116
2582 32268
2581 39417
2580 53607
2579 70855
2578 47606
2577 18758
2576 2437
2575 28519
2574 32309
2573 59791
2572 44496
2571 70404
2570 79858
2569 43506
2568 53426
2567 76826
2566 32960
2565 21861
2564 20097
2563 11237
2562 51225
2561 27887
2560 27434
2559 17605
2558 29673
2557 44738
2556 57488
2555 39425
2554 2526
2553 21710
2552 50542
2551 34795
2550 61127
2549 60501
2548 62002
2547 65085
2546 79259
2545 20791
2544 13605
2543 67920
2542 582
2541 14453
2540 58324
2539 36792
2538 57960
2537 68102
2536 69970
2535 47272
2534 46315
2533 10067
2532 14861
2531 53892
2530 74307
2529 78647
2528 71497
2527 23980
2526 43385
2525 5337
2524 63405
2523 45912
2522 27047
2521 70299
2520 37059
2519 44527
2518 7152
2517 55413
2516 65964
2515 42763
2514 32556
2513 35921
2512 30683
2511 69490
2510 50375
2509 45359
2508 26282
2507 64687
2506 69813
2505 52604
2504 68311
2503 36128
2502 62671
2501 3172
2500 10020
2499 56978
2498 1819
2497 37869
2496 37310
2495 45204
2494 43207
2493 57068
2492 47468
2491 26606
2490 47367
2489 40879
2488 27485
2487 10872
2486 16292
2485 49802
2484 53635
2483 48848
2482 5723
2481 4319
2480 38338
2479 12450
2478 6030
2477 20972
2476 33489
2475 75844
2474 73576
2473 21800
2472 31972
2471 12600
2470 61324
2469 78345
2468 25930
2467 63143
2466 36214
2465 19593
2464 64700
2463 35773
2462 76661
2461 68520
2460 18732
2459 380
2458 29400
2457 46217
2456 11252
2455 2044
2454 16019
2453 64888
2452 7245
2451 58095
2450 25559
2449 1935
2448 70545
2447 31589
2446 59260
2445 60387
2444 63785
2443 9188
2442 2187
2441 52110
2440 21788
2439 19864
2438 6807
2437 4071
2436 39359
2435 43021
2434 23664
2433 24059
2432 35147
2431 56677
2430 48932
2429 53879
2428 57057
2427 34684
2426 56448
2425 68310
2424 73080
2423 28820
2422 9550
2421 325
2420 6915
2419 71461
2418 38613
2417 33812
2416 59402
2415 17873
2414 14199
2413 43188
2412 27061
2411 52739
2410 51650
2409 5202
2408 72603
2407 58457
2406 45625
2405 31962
2404 57830
2403 25641
2402 12374
2401 12977
2400 2318
2399 61306
2398 23208
2397 59375
2396 52342
2395 79657
2394 4037
2393 45422
2392 28477
2391 13587
2390 2100
2389 71744
2388 41400
2387 40713
2386 25556
2385 20803
2384 14938
2383 76108
2382 20343
2381 78351
2380 48847
2379 71993
2378 3553
2377 41450
2376 6802
2375 5530
2374 29764
2373 64632
2372 31171
2371 42138
2370 77610
2369 69841
2368 59796
2367 57170
2366 49217
2365 32138
2364 56827
2363 9606
2362 33913
2361 41656
2360 59546
2359 36013
2358 69752
2357 20946
2356 76726
2355 51661
2354 78101
2353 48016
2352 47769
2351 18444
2350 46367
2349 16616
2348 46789
2347 6273
2346 14418
2345 53591
2344 11803
2343 44182
2342 38224
2341 79327
2340 42673
2339 72186
2338 69168
2337 22469
2336 49356
2335 74737
2334 10960
2333 62536
2332 4344
2331 44873
2330 60544
2329 63890
2328 886
2327 6649
2326 41188
2325 33964
2324 58310
2323 39290
2322 1980
2321 26079
2320 57734
2319 48347
2318 79047
2317 24524
2316 10972
2315 49817
2314 34467
2313 22776
2312 13999
2311 72691
2310 58455
2309 13024
2308 21229
2307 47623
2306 35494
2305 70586
2304 42361
2303 46454
2302 9474
2301 3057
2300 47679
2299 26370
2298 66947
2297 4917
2296 33019
2295 64487
2294 38881
2293 11329
2292 23777
2291 77213
2290 73760
2289 1512
2288 1912
2287 29159
2286 62388
2285 12885
2284 78976
2283 16855
2282 35661
2281 49328
2280 45899
2279 50468
2278 62352
2277 67128
2276 18091
2275 54198
2274 14066
2273 16804
2272 57004
2271 59892
2270 19861
2269 24683
2268 6263
2267 43160
2266 29600
2265 39282
2264 27648
2263 24833
2262 6964
2261 7777
2260 22046
2259 724
2258 9289
2257 23959
2256 29884
2255 28029
2254 73196
2253 65212
2252 1237
2251 65209
2250 34540
2249 3488
2248 35677
2247 53245
2246 70616
2245 53768
2244 27443
2243 41035
2242 26925
2241 4448
2240 20927
2239 3138
2238 29131
2237 63542
2236 2651
2235 15084
2234 22825
2233 30299
2232 39917
2231 29789
2230 74428
2229 18316
2228 66865
2227 40070
2226 78627
2225 53101
2224 68099
2223 71823
2222 38314
2221 25688
2220 57032
2219 29206
2218 29176
2217 12709
2216 2451
2215 56145
2214 22829
2213 66247
2212 17180
2211 49754
2210 70695
2209 74459
2208 9245
2207 56178
2206 58002
2205 11896
2204 27614
2203 37179
2202 78547
2201 67532
2200 23320
2199 72975
2198 42200
2197 46537
2196 33045
2195 40827
2194 19639
2193 57497
2192 32650
2191 57953
2190 3185
2189 9682
2188 43511
2187 32362
2186 58743
2185 2315
2184 8507
2183 37924
2182 68562
2181 62039
2180 44031
2179 15609
2178 12850
2177 53276
2176 28139
2175 27204
2174 65172
2173 55754
2172 64383
2171 20071
2170 79638
2169 44055
2168 13046
2167 41838
2166 10593
2165 2444
2164 2665
2163 30232
2162 59941
2161 71667
2160 44537
2159 63126
2158 37701
2157 44400
2156 51840
2155 16444
2154 46715
2153 16699
2152 10720
2151 71629
2150 35090
2149 54751
2148 43590
2147 47941
2146 28027
2145 28082
2144 75145
2143 49551
2142 40188
2141 15881
2140 25974
2139 39826
2138 59936
2137 39021
2136 38016
2135 26881
2134 41465
2133 77033
2132 57113
2131 57758
2130 68700
2129 58002
2128 40884
2127 26401
2126 22403
2125 49077
2124 79197
2123 25470
2122 22128
2121 9917
2120 17100
2119 57219
2118 21021
2117 17042
2116 25160
2115 5400
2114 45124
2113 56657
2112 54952
2111 5312
2110 28890
2109 926
2108 1490
2107 45179
2106 76299
2105 39506
2104 72060
2103 74116
2102 72891
2101 5526
2100 51874
2099 61591
2098 63528
2097 49111
2096 44344
2095 42283
2094 54540
2093 79893
2092 67754
2091 76668
2090 46163
2089 41206
2088 53887
2087 67184
2086 14600
2085 35399
2084 72584
2083 59725
2082 48409
2081 3888
2080 21389
2079 77299
2078 41167
2077 22880
2076 42478
2075 73818
2074 18738
2073 70891
2072 67935
2071 11630
2070 76417
2069 76161
2068 29573
2067 16297
2066 1624
2065 73918
2064 58581
2063 56164
2062 30163
2061 2687
2060 9185
2059 76326
2058 245
2057 63072
2056 19862
2055 14845
2054 54824
2053 12447
2052 30922
2051 23233
2050 52687
2049 8664
2048 56884
2047 50206
2046 31544
2045 55715
2044 44025
2043 6634
2042 46606
2041 68312
2040 18264
2039 43023
2038 64473
2037 4190
2036 15672
2035 22450
2034 78108
2033 74253
2032 34966
2031 28271
2030 33292
2029 44151
2028 60950
2027 69889
2026 27224
2025 812
2024 41087
2023 38400
2022 49611
2021 72009
2020 17985
2019 58651
2018 673
2017 74869
2016 28857
2015 68569
2014 50584
2013 72882
2012 31556
2011 53542
2010 17546
2009 6172
2008 16565
2007 38372
2006 10362
2005 32238
2004 60822
2003 44822
2002 62843
2001 15788
2000 73094
1999 52488
1998 59940
1997 10396
1996 42377
1995 43516
1994 11208
1993 3464
1992 1916
1991 17172
1990 31826
1989 56253
1988 75823
1987 68851
1986 51122
1985 24680
1984 57421
1983 58059
1982 53915
1981 8977
1980 31601
1979 71461
1978 51501
1977 4519
1976 66185
1975 61864
1974 36757
1973 47007
1972 26686
1971 55952
1970 19148
1969 56132
1968 28440
1967 79088
1966 66528
1965 27170
1964 78956
1963 34089
1962 66986
1961 37224
1960 51261
1959 18812
1958 13477
1957 47084
1956 7664
1955 64599
1954 28116
1953 21437
1952 79010
1951 2031
1950 66766
1949 30612
1948 29845
1947 38267
1946 35131
1945 16030
1944 20131
1943 28240
1942 19390
1941 3170
1940 4192
1939 38538
1938 59302
1937 68985
1936 73978
1935 2183
1934 52507
1933 72934
1932 36272
1931 39493
1930 30158
1929 7533
1928 58306
1927 43635
1926 10969
1925 65970
1924 64586
1923 39085
1922 43759
1921 63597
1920 77469
1919 30525
1918 50561
1917 63666
1916 68792
1915 5692
1914 36048
1913 45276
1912 33932
1911 11790
1910 48446
1909 74476
1908 50328
1907 27748
1906 19813
1905 658
1904 66283
1903 72320
1902 73592
1901 22555
1900 31814
1899 60102
1898 66440
1897 46472
1896 60089
1895 77409
1894 68794
1893 44676
1892 72847
1891 32553
1890 64625
1889 26668
1888 63078
1887 35186
1886 46686
1885 51870
1884 77230
1883 2734
1882 53498
1881 31162
1880 14525
1879 21944
1878 61990
1877 21205
1876 6045
1875 1804
1874 21864
1873 72328
1872 30476
1871 51808
1870 14884
1869 62290
1868 31911
1867 37676
1866 65114
1865 12000
1864 71438
1863 53908
1862 13028
1861 20637
1860 6461
1859 34005
1858 47305
1857 69539
1856 25543
1855 13991
1854 77762
1853 22773
1852 53077
1851 51260
1850 10287
1849 23954
1848 29557
1847 28630
1846 1512
1845 35602
1844 30434
1843 59728
1842 64282
1841 60910
1840 31536
1839 79166
1838 79553
1837 19799
1836 73195
1835 64667
1834 68152
1833 64633
1832 74928
1831 37532
1830 5270
1829 1389
1828 71538
1827 8927
1826 27281
1825 53433
1824 59270
1823 61395
1822 32559
1821 32347
1820 69007
1819 42846
1818 12654
1817 18564
1816 27828
1815 50518
1814 10518
1813 58262
1812 30246
1811 74801
1810 75525
1809 18134
1808 30319
1807 31430
1806 37934
1805 23514
1804 52449
1803 62438
1802 8147
1801 47377
1800 19970
1799 49769
1798 48767
1797 47860
1796 58696
1795 32400
1794 21294
1793 37966
1792 13795
1791 10205
1790 26666
1789 2802
1788 9403
1787 75672
1786 21367
1785 37232
1784 2542
1783 31885
1782 15494
1781 32788
1780 63038
1779 47371
1778 7274
1777 13358
1776 35153
1775 45208
1774 36872
1773 7603
1772 27646
1771 1372
1770 54980
1769 3969
1768 7493
1767 60099
1766 51829
1765 66190
1764 12499
1763 29475
1762 60508
1761 26294
1760 39680
1759 43526
1758 29097
1757 49084
1756 75550
1755 6816
1754 6316
1753 78092
1752 38701
1751 58162
1750 30880
1749 21740
1748 61886
1747 38155
1746 71450
1745 17039
1744 39715
1743 28322
1742 24642
1741 23714
1740 66046
1739 79623
1738 27683
1737 73540
1736 16074
1735 35864
1734 16082
1733 28574
1732 21692
1731 32942
1730 54868
1729 61372
1728 76469
1727 40317
1726 66808
1725 72019
1724 47133
1723 73124
1722 70112
1721 42187
1720 7639
1719 57344
1718 20279
1717 69525
1716 51851
1715 11729
1714 6564
1713 47919
1712 76403
1711 31207
1710 27985
1709 18802
1708 67182
1707 12020
1706 12342
1705 3256
1704 47884
1703 64776
1702 31830
1701 69576
1700 17718
1699 43051
1698 7301
1697 50539
1696 3368
1695 74109
1694 78911
1693 6854
1692 23586
1691 25375
1690 49041
1689 31225
1688 2719
1687 69320
1686 20750
1685 10923
1684 37401
1683 27314
1682 15194
1681 33804
1680 58521
1679 43179
1678 52606
1677 45703
1676 55199
1675 21300
1674 5312
1673 23083
1672 42428
1671 37142
1670 49012
1669 60147
1668 193
1667 56313
1666 30686
1665 39914
1664 6774
1663 29597
1662 46768
1661 30360
1660 54972
1659 15809
1658 61585
1657 14044
1656 41481
1655 2335
1654 61319
1653 78882
1652 66002
1651 76513
1650 69038
1649 44523
1648 39692
1647 77997
1646 46579
1645 14891
1644 55649
1643 51891
1642 74326
1641 18078
1640 45385
1639 79690
1638 78225
1637 1931
1636 12355
1635 65263
1634 41845
1633 19130
1632 51213
1631 44965
1630 49490
1629 62537
1628 17126
1627 67428
1626 32933
1625 58607
1624 69763
1623 14252
1622 13841
1621 55765
1620 10765
1619 39231
1618 56641
1617 6809
1616 37228
1615 59572
1614 58052
1613 49230
1612 67815
1611 8731
1610 67308
1609 33200
1608 8421
1607 21885
1606 71483
1605 57129
1604 43500
1603 69680
1602 76259
1601 14713
1600 34645
1599 2101
1598 33603
1597 51771
1596 69529
1595 66536
1594 66730
1593 15645
1592 789
1591 571
1590 27762
1589 47906
1588 76155
1587 40755
1586 54716
1585 33383
1584 20327
1583 69120
1582 38965
1581 8142
1580 77851
1579 26273
1578 77695
1577 42625
1576 4510
1575 25530
1574 19754
1573 48011
1572 15211
1571 52365
1570 62724
1569 49856
1568 10818
1567 16327
1566 57980
1565 36700
1564 39216
1563 44710
1562 52345
1561 40005
1560 1634
1559 36459
1558 44263
1557 77789
1556 77215
1555 55331
1554 67524
1553 53894
1552 44452
1551 26490
1550 18389
1549 78655
1548 9115
1547 16084
1546 41280
1545 13626
1544 77966
1543 17386
1542 61637
1541 13177
1540 69751
1539 713
1538 19386
1537 36922
1536 53393
1535 77366
1534 73622
1533 12609
1532 42076
1531 2319
1530 8966
1529 62
1528 38778
1527 53229
1526 77851
1525 72345
1524 28561
1523 65376
1522 46240
1521 29365
1520 11866
1519 64629
1518 28020
1517 20981
1516 37065
1515 25653
1514 34607
1513 35031
1512 43039
1511 52596
1510 48209
1509 69143
1508 9662
1507 23947
1506 26065
1505 19407
1504 21313
1503 56039
1502 32016
1501 19741
1500 58358
1499 77334
1498 19804
1497 17136
1496 50563
1495 17655
1494 9482
1493 35476
1492 3031
1491 55722
1490 21193
1489 51249
1488 76703
1487 49214
1486 28583
1485 33768
1484 74867
1483 63190
1482 68799
1481 37906
1480 72139
1479 73360
1478 63401
1477 38153
1476 17307
1475 45818
1474 57560
1473 38620
1472 21857
1471 9576
1470 14714
1469 215
1468 43262
1467 70870
1466 53704
1465 50177
1464 44877
1463 19538
1462 5654
1461 4261
1460 31612
1459 26847
1458 55510
1457 28315
1456 32413
1455 4093
1454 62083
1453 27280
1452 23636
1451 50882
1450 21539
1449 52127
1448 44243
1447 41292
1446 10280
1445 17902
1444 7111
1443 67840
1442 12875
1441 28968
1440 33768
1439 27589
1438 65536
1437 77030
1436 54811
1435 39240
1434 47207
1433 19688
1432 58778
1431 9213
1430 60301
1429 10390
1428 72413
1427 35812
1426 75057
1425 61178
1424 76257
1423 57140
1422 44811
1421 56245
1420 64374
1419 66350
1418 28372
1417 64969
1416 63994
1415 75004
1414 2872
1413 71105
1412 62844
1411 15747
1410 56426
1409 52964
1408 79688
1407 41962
1406 49994
1405 10851
1404 37554
1403 53554
1402 66891
1401 52684
1400 19119
1399 47193
1398 19426
1397 47884
1396 39357
1395 14483
1394 29063
1393 35614
1392 71623
1391 73874
1390 48212
1389 12349
1388 16576
1387 32936
1386 77319
1385 570
1384 27941
1383 36543
1382 28028
1381 47137
1380 8642
1379 4454
1378 20102
1377 44682
1376 2768
1375 26448
1374 55533
1373 76674
1372 36354
1371 42424
1370 49358
1369 55474
1368 45969
1367 68784
1366 23358
1365 5326
1364 3267
1363 8773
1362 77293
1361 31242
1360 2647
1359 45505
1358 79943
1357 19223
1356 34793
1355 33614
1354 19794
1353 62734
1352 70157
1351 4174
1350 66224
1349 35151
1348 44980
1347 42678
1346 79833
1345 4100
1344 25478
1343 11718
1342 774
1341 61833
1340 54143
1339 50132
1338 73659
1337 56464
1336 75268
1335 53369
1334 61791
1333 34887
1332 62143
1331 59084
1330 66129
1329 64790
1328 60941
1327 66072
1326 40366
1325 15734
1324 19687
1323 16512
1322 78469
1321 46196
1320 20686
1319 21045
1318 1348
1317 65666
1316 63723
1315 37533
1314 26118
1313 45553
1312 49252
1311 26892
1310 27386
1309 59747
1308 33376
1307 57397
1306 36211
1305 28644
1304 67119
1303 18002
1302 63531
1301 49262
1300 33438
1299 6012
1298 70404
1297 14379
1296 72084
1295 67122
1294 30114
1293 48123
1292 3634
1291 64935
1290 50672
1289 60672
1288 5980
1287 8372
1286 46338
1285 26055
1284 45905
1283 72456
1282 71608
1281 51509
1280 55700
1279 55347
1278 31256
1277 9076
1276 69096
1275 23820
1274 37720
1273 56215
1272 41822
1271 57603
1270 61829
1269 31613
1268 63615
1267 52234
1266 45992
1265 12052
1264 39356
1263 32458
1262 16527
1261 79343
1260 17393
1259 67199
1258 60015
1257 59725
1256 75571
1255 62706
1254 42132
1253 77829
1252 11514
1251 70093
1250 49338
1249 67215
1248 45440
1247 595
1246 32643
1245 70888
1244 24415
1243 70364
1242 47104
1241 22589
1240 47967
1239 28933
1238 10554
1237 67935
1236 37519
1235 56547
1234 79987
1233 33228
1232 9005
1231 16514
1230 32571
1229 62751
1228 3714
1227 48938
1226 78828
1225 35637
1224 31644
1223 40961
1222 33466
1221 43159
1220 67406
1219 39157
1218 66726
1217 32846
1216 39752
1215 19369
1214 60086
1213 20519
1212 46085
1211 27190
1210 79460
1209 14053
1208 12476
1207 10015
1206 38340
1205 49995
1204 22914
1203 38327
1202 3223
1201 68271
1200 54841
1199 72146
1198 51022
1197 14907
1196 41085
1195 6203
1194 6897
1193 29081
1192 3516
1191 76715
1190 72240
1189 70922
1188 35872
1187 15318
1186 60120
1185 31976
1184 34688
1183 40206
1182 52495
1181 773
1180 67397
1179 8308
1178 51178
1177 79873
1176 18323
1175 9518
1174 6220
1173 41237
1172 4197
1171 45796
1170 65860
1169 15391
1168 74294
1167 36883
1166 30298
1165 35379
1164 79438
1163 73547
1162 20813
1161 2954
1160 70263
1159 49405
1158 73876
1157 26135
1156 64724
1155 10348
1154 58112
1153 55764
1152 50554
1151 66959
1150 12889
1149 74303
1148 31619
1147 20420
1146 74176
1145 49942
1144 66290
1143 36749
1142 47531
1141 70488
1140 2545
1139 33392
1138 5879
1137 76839
1136 26627
1135 72529
1134 68571
1133 62417
1132 66077
1131 9384
1130 65371
1129 56340
1128 15141
1127 15599
1126 38827
1125 79865
1124 25947
1123 53291
1122 55629
1121 32853
1120 76603
1119 24871
1118 27157
1117 28222
1116 45291
1115 57685
1114 34517
1113 31581
1112 14434
1111 38400
1110 22069
1109 53331
1108 28144
1107 64300
1106 6523
1105 54771
1104 56830
1103 31446
1102 73540
1101 79259
1100 77182
1099 58911
1098 11951
1097 12323
1096 30862
1095 50778
1094 12189
1093 13161
1092 60422
1091 24170
1090 46015
1089 57025
1088 49041
1087 73172
1086 41599
1085 50684
1084 50857
1083 76116
1082 2266
1081 21644
1080 34517
1079 60687
1078 74975
1077 62661
1076 1340
1075 1498
1074 73785
1073 58170
1072 32944
1071 67325
1070 13781
1069 30126
1068 2589
1067 25732
1066 78802
1065 33451
1064 32862
1063 47343
1062 46613
1061 13284
1060 71513
1059 12628
1058 26661
1057 76907
1056 42152
1055 68261
1054 47591
1053 13009
1052 64377
1051 6209
1050 34653
1049 55246
1048 66897
1047 65981
1046 37908
1045 68237
1044 67479
1043 31693
1042 2759
1041 56776
1040 55370
1039 52892
1038 43254
1037 57959
1036 78624
1035 42056
1034 11411
1033 31486
1032 9399
1031 14376
1030 1123
1029 37265
1028 63356
1027 27784
1026 70524
1025 25508
1024 52397
1023 38115
1022 74869
1021 36775
1020 44325
1019 29523
1018 12021
1017 67574
1016 15504
1015 6281
1014 12163
1013 39335
1012 74326
1011 14922
1010 52463
1009 49697
1008 67814
1007 52070
1006 64008
1005 22790
1004 14126
1003 31771
1002 10628
1001 59878
1000 46147
999 11751
998 53495
997 29503
996 75888
995 44019
994 55011
993 48285
992 2134
991 6233
990 41412
989 2811
988 35756
987 9786
986 70385
985 7612
984 16067
983 38900
982 3299
981 46746
980 53822
979 12115
978 16443
977 77988
976 64185
975 36803
974 20778
973 34663
972 68575
971 67759
970 14541
969 34722
968 79510
967 68036
966 20578
965 31750
964 68407
963 31941
962 36388
961 26894
960 38174
959 77800
958 29705
957 30282
956 43938
955 56443
954 37894
953 16358
952 15343
951 77546
950 63104
949 25518
948 9661
947 35899
946 23506
945 73846
944 72702
943 637
942 28509
941 61277
940 68396
939 79403
938 16000
937 24258
936 23791
935 72930
934 12361
933 12199
932 24871
931 48749
930 39093
929 63046
928 2901
927 25150
926 13328
925 46840
924 37945
923 7575
922 63198
921 53289
920 5121
919 46302
918 78807
917 51134
916 38553
915 58665
914 1332
913 31255
912 15654
911 29841
910 12533
909 40402
908 65596
907 64885
906 64661
905 9388
904 57815
903 33374
902 57939
901 39038
900 2123
899 53384
898 22084
897 5024
896 78534
895 71765
894 8216
893 36480
892 79340
891 27766
890 46121
889 40813
888 30420
887 1280
886 48299
885 68973
884 59945
883 49631
882 56581
881 31952
880 35824
879 69114
878 72354
877 21421
876 10351
875 13367
874 67161
873 24518
872 46741
871 45100
870 19908
869 5216
868 18484
867 41993
866 46593
865 53370
864 70110
863 11161
862 9850
861 69450
860 38928
859 12323
858 66615
857 69348
856 13603
855 34914
854 14674
853 29901
852 4545
851 71255
850 61853
849 40369
848 16721
847 10559
846 18142
845 27072
844 60279
843 5303
842 7942
841 27020
840 6755
839 27850
838 68589
837 25239
836 26195
835 35182
834 34962
833 16305
832 46343
831 1164
830 42107
829 5271
828 13488
827 28722
826 30972
825 27091
824 19988
823 45646
822 56992
821 60885
820 36901
819 75197
818 57607
817 53622
816 5757
815 75749
814 37046
813 66036
812 1053
811 1340
810 49408
809 7808
808 65542
807 37997
806 69400
805 48090
804 29531
803 24362
802 64395
801 32227
800 25526
799 62855
798 73850
797 39014
796 47929
795 24822
794 22458
793 67918
792 26820
791 79450
790 48803
789 20073
788 31000
787 26410
786 73695
785 73109
784 22160
783 67093
782 59145
781 59565
780 24785
779 64905
778 23725
777 10328
776 59255
775 49477
774 58418
773 45138
772 30191
771 79165
770 77365
769 55718
768 18372
767 71216
766 51084
765 66302
764 52390
763 73542
762 10572
761 79211
760 29345
759 59375
758 19284
757 16697
756 42138
755 49332
754 9806
753 20650
752 72777
751 25303
750 36567
749 17563
748 10208
747 60292
746 64243
745 25815
744 66122
743 79013
742 70954
741 16313
740 78178
739 24671
738 72031
737 52903
736 52239
735 79468
734 39205
733 24630
732 29362
731 49777
730 60193
729 58707
728 65504
727 35829
726 31756
725 27642
724 41513
723 41562
722 48292
721 34291
720 66865
719 4859
718 8206
717 33426
716 21504
715 72449
714 15593
713 7626
712 71462
711 42899
710 23939
709 25992
708 67571
707 52323
706 78895
705 39810
704 8143
703 38100
702 20792
701 37505
700 44229
699 985
698 52565
697 29734
696 73167
695 4321
694 57376
693 34680
692 45884
691 62021
690 25323
689 69101
688 23232
687 33529
686 22527
685 44736
684 62330
683 74473
682 8714
681 10144
680 37372
679 69006
678 36137
677 24943
676 77681
675 71384
674 64754
673 5824
672 29485
671 41898
670 43329
669 30066
668 42884
667 52246
666 59800
665 72403
664 56568
663 73529
662 27083
661 58804
660 11902
659 8759
658 47905
657 35134
656 78640
655 26785
654 36223
653 60971
652 21258
651 1289
650 71115
649 58630
648 70295
647 63604
646 39926
645 24328
644 54989
643 24680
642 30152
641 40826
640 22930
639 29834
638 70892
637 65814
636 38432
635 7045
634 14569
633 15000
632 36926
631 41653
630 30156
629 48828
628 6764
627 78062
626 40314
625 5404
624 61199
623 76537
622 66375
621 38809
620 77827
619 13843
618 17439
617 24474
616 77447
615 57365
614 48803
613 8788
612 38397
611 35307
610 49614
609 61328
608 21493
607 76859
606 3494
605 59926
604 3904
603 18064
602 31278
601 77182
600 16069
599 61435
598 46010
597 22833
596 15849
595 6324
594 64589
593 77048
592 39214
591 50965
590 35857
589 37041
588 21160
587 9648
586 17867
585 54959
584 23366
583 23022
582 63748
581 61763
580 14682
579 69714
578 79443
577 36175
576 66573
575 39290
574 52453
573 26829
572 13706
571 3732
570 60363
569 66127
568 65167
567 26373
566 8960
565 1016
564 69050
563 29901
562 34416
561 28264
560 866
559 70273
558 21657
557 58378
556 36273
555 75876
554 33338
553 59639
552 18899
551 53438
550 41403
549 33581
548 43152
547 77198
546 69756
545 66078
544 36488
543 78562
542 49259
541 6546
540 2294
539 29623
538 72673
537 23813
536 12348
535 37985
534 24829
533 1398
532 67887
531 15597
530 66014
529 68753
528 42222
527 7671
526 3484
525 78495
524 3548
523 73174
522 58135
521 58799
520 46612
519 55890
518 12380
517 46116
516 53088
515 38488
514 68546
513 45929
512 37050
511 74158
510 52475
509 75696
508 23781
507 45149
506 19509
505 72481
504 3134
503 690
502 73880
501 27373
500 16287
499 16246
498 52479
497 58509
496 60270
495 55963
494 57005
493 20170
492 49137
491 71492
490 78969
489 52101
488 47382
487 47701
486 54569
485 56822
484 6189
483 43116
482 22751
481 79592
480 37274
479 31579
478 75288
477 17407
476 33080
475 51150
474 9888
473 72566
472 51840
471 40120
470 19940
469 68128
468 56367
467 72419
466 46637
465 72989
464 48382
463 59994
462 13159
461 53871
460 51486
459 12128
458 62324
457 18868
456 16181
455 36893
454 32043
453 58722
452 9
451 11146
450 58314
449 73635
448 42725
447 9955
446 47394
445 32157
444 61105
443 13635
442 24724
441 32945
440 53755
439 1016
438 57425
437 66474
436 73435
435 60415
434 59463
433 78169
432 40409
431 72622
430 8392
429 48248
428 41102
427 70716
426 23468
425 57283
424 27609
423 55511
422 36006
421 63971
420 66658
419 50672
418 13958
417 65735
416 16979
415 61353
414 17893
413 78084
412 31340
411 42617
410 67382
409 5095
408 43633
407 44807
406 27922
405 73420
404 61574
403 43737
402 27941
401 21984
400 72712
399 36333
398 26584
397 70166
396 27049
395 50052
394 47450
393 54658
392 25564
391 39808
390 74981
389 48574
388 46832
387 8940
386 34309
385 63812
384 26645
383 52202
382 61896
381 57985
380 51171
379 5630
378 19432
377 51156
376 6790
375 47354
374 928
373 68364
372 47444
371 28869
370 46700
369 40156
368 65202
367 73284
366 30322
365 12251
364 43337
363 34124
362 23262
361 25253
360 30284
359 18243
358 73827
357 77117
356 63535
355 28136
354 60929
353 10180
352 36691
351 79177
350 24517
349 44214
348 4808
347 43950
346 15371
345 47950
344 47656
343 16299
342 36314
341 15100
340 45169
339 39367
338 55256
337 30371
336 32651
335 41931
334 78975
333 32340
332 76055
331 58589
330 57593
329 26340
328 33184
327 7772
326 23457
325 16720
324 72261
323 40738
322 63252
321 28952
320 39915
319 7770
318 73166
317 1075
316 8072
315 44889
314 49025
313 55728
312 61189
311 41692
310 70829
309 62710
308 1059
307 2437
306 49433
305 33710
304 44368
303 4760
302 66051
301 76776
300 63349
299 79996
298 59468
297 16534
296 7769
295 39277
294 69606
293 36382
292 15
291 9210
290 21686
289 76282
288 53332
287 51204
286 77358
285 61404
284 16094
283 46383
282 73485
281 33635
280 44427
279 64314
278 16345
277 45486
276 23103
275 22130
274 79197
273 23824
272 26891
271 21600
270 56952
269 46592
268 21596
267 36420
266 19478
265 65717
264 32049
263 9084
262 58451
261 68416
260 54647
259 137
258 64698
257 27979
256 51342
255 18408
254 45736
253 67436
252 21144
251 39221
250 57423
249 65571
248 59887
247 30120
246 31058
245 2990
244 52250
243 66607
242 63166
241 35493
240 8207
239 40118
238 2086
237 66155
236 76538
235 21564
234 8225
233 64939
232 67001
231 66676
230 53355
229 41648
228 66814
227 74406
226 25979
225 74508
224 12814
223 28067
222 18296
221 33958
220 67288
219 75719
218 55882
217 47175
216 62191
215 6940
214 6518
213 34441
212 73547
211 69684
210 69935
209 38106
208 29803
207 28373
206 24261
205 62693
204 49937
203 68838
202 47633
201 36938
200 55515
199 57340
198 34938
197 78681
196 51746
195 17270
194 73189
193 20913
192 45337
191 47837
190 11223
189 68978
188 79908
187 67105
186 36153
185 62099
184 30397
183 79023
182 16540
181 23944
180 25060
179 42827
178 18402
177 54863
176 71200
175 42664
174 73908
173 77490
172 67854
171 77893
170 70780
169 43369
168 55234
167 62071
166 78402
165 63332
164 79341
163 27943
162 40597
161 1030
160 75780
159 51821
158 70008
157 75688
156 38926
155 62514
154 57787
153 69324
152 61537
151 30680
150 49620
149 6597
148 29859
147 68023
146 17812
145 57412
144 67039
143 11721
142 54902
141 54893
140 45966
139 2034
138 54615
137 57552
136 64105
135 9369
134 77237
133 19798
132 37313
131 37834
130 20829
129 69445
128 9655
127 47189
126 21486
125 4934
124 29703
123 35625
122 30610
121 47593
120 22657
119 36582
118 10542
117 52517
116 60957
115 28355
114 66281
113 47996
112 76428
111 41183
110 59242
109 78746
108 79569
107 70209
106 56299
105 63675
104 79578
103 53536
102 39825
101 73243
100 47722
99 60654
98 19041
97 57378
96 27844
95 40527
94 18664
93 13899
92 32504
91 5626
90 61492
89 55162
88 78560
87 72035
86 64031
85 59518
84 56742
83 50312
82 63866
81 9522
80 47847
79 43108
78 8268
77 47416
76 33317
75 20919
74 67443
73 69248
72 74455
71 27269
70 62491
69 42178
68 44275
67 1532
66 55908
65 28471
64 78411
63 30924
62 42371
61 67268
60 36550
59 60215
58 42430
57 71462
56 8602
55 62813
54 50980
53 65344
52 33125
51 34847
50 31218
49 972
48 34307
47 39487
46 4740
45 23977
44 16758
43 28536
42 13225
41 11214
40 55805
39 32068
38 9744
37 56432
36 69953
35 22004
34 41256
33 24716
32 52928
31 39979
30 11984
29 45830
28 20194
27 54414
26 37292
25 28797
24 37227
23 8273
22 50493
21 26704
20 79472
19 38064
18 64028
17 33779
16 33903
15 68769
14 57756
13 50661
12 17305
11 27333
10 61875
9 29462
8 59402
7 27971
6 42246
5 5707
4 49975
3 3502
2 30423
1 22903
0 43481
