100
40526 30651
41811 4106
54827 44977
12381 56247
34700 21772
33860 23251
62530 11586
14163 48815
28444 43770
17430 30901
48418 50684
11200 50262
28028 14040
58204 44088
49811 51358
22813 58782
30262 551
6081 15854
4444 12641
3428 4950
60241 46590
62944 37997
215 32264
14321 22473
57104 3516
46401 39817
52936 47403
51366 22942
55774 11508
37534 6883
52083 31424
40792 46581
24717 28315
44653 15764
2545 6645
2930 44993
63688 6004
27045 20790
50379 1075
63961 55920
1475 11715
22727 32795
36555 13170
59667 1985
57667 36411
60184 49876
50700 48584
11184 9440
8377 3616
46135 60133
866 36911
747 30922
56022 42186
13274 52428
55260 12440
23444 52204
11045 63038
24018 35129
36008 46913
6963 50936
49688 47915
50266 62860
4901 62260
63348 27407
39727 26127
21137 15256
57137 35358
12739 43284
58229 59305
38737 23708
27088 18782
35129 12368
53295 42155
57885 10116
2034 41549
18116 11344
57827 23194
53885 1635
43917 17874
32643 22530
59251 21518
38270 5432
15098 47913
16764 4626
37292 43538
50543 19426
20100 22524
11376 35461
41713 43739
61934 51053
55362 4002
51979 14756
54063 21422
47157 15997
18983 38846
36430 14856
17430 61461
32141 28956
16479 42497
16682 63493

