1000
10776 29038
17270 63038
47102 15877
3651 29440
422 60186
56420 42030
35598 56465
45247 1497
49323 34504
16786 18897
8221 17932
62086 63764
23055 41401
15110 5850
37059 4391
28385 501
62399 31635
31774 47635
10762 58182
16376 18376
52073 13069
45542 3284
35311 23626
15038 36227
57493 30413
48307 7872
10747 26766
12870 38803
1524 56981
3848 14262
47938 35122
24618 22518
53223 54442
6575 14858
61321 33446
62042 45202
592 8561
284 47348
9651 47458
48659 59842
39329 4959
16897 48465
16754 15610
62493 44350
33577 24854
39229 3727
52282 20833
10827 43292
674 36819
63717 9192
4448 50276
16948 57651
27905 528
43192 53208
16790 51071
46905 38581
5249 38504
29604 30161
918 26077
56254 49137
6131 7877
4801 50227
53260 41627
16809 18051
36170 8124
39251 21122
47813 19282
15391 45461
45932 32823
10813 37846
4899 15577
40575 44672
15678 45407
35475 44444
19907 29776
33452 63901
48112 30911
10110 47749
8043 43620
10364 8034
21137 23715
59221 51129
33092 37073
1667 40364
16598 47309
29696 28247
4153 44083
62465 352
53038 30028
17555 801
20393 56315
35381 13376
18442 16813
6704 28276
19807 30917
25288 52473
58993 36956
27674 45704
11956 2260
50071 52094
15821 11844
4387 61397
62719 41698
19372 61858
21747 22727
56893 10711
31051 1303
41336 56295
18040 42446
44127 33793
17721 1627
33376 40602
47163 27200
10657 25325
54075 63452
44903 4387
41526 48288
1432 56278
54774 35532
12090 43422
4231 15860
12534 3665
34549 10350
32620 9395
5831 18667
13930 52286
12958 11864
8426 31659
61067 63813
44217 20479
55122 43258
459 54975
13631 48501
57379 5876
485 46696
15420 57278
4911 27790
33526 47143
31563 31067
56524 51409
54733 10334
33659 17735
34688 47733
54237 62874
34127 50149
6403 7651
56768 14288
61036 19596
30063 58340
50774 41174
2028 26297
6159 1661
14208 38874
46917 26629
40760 5061
34346 19069
31672 44311
62858 2129
2084 25344
20602 21483
13766 43571
1258 37325
54686 43149
52930 11981
46739 21668
22165 47159
51571 47448
27100 8805
8543 55471
13751 29610
34817 59942
17387 47112
45569 45454
31075 23450
44319 46809
15319 28721
33405 63436
38833 41983
62547 62452
60440 59866
5584 36340
46096 46811
31290 49254
59043 60946
14340 45944
57075 25569
4403 61319
58938 56272
63342 28622
29858 45680
52565 16235
20186 55821
48465 27104
35170 28114
48026 62807
41860 40985
26520 34219
39118 9118
33354 28827
20786 54317
44020 4649
13938 57991
22188 60803
22299 9284
37918 34676
56754 42809
63991 23731
19001 52020
370 5936
4321 12198
60790 28823
21487 3073
23467 37163
15776 41065
39934 41274
25120 55151
32004 15948
11387 52358
50848 40004
28768 38879
36217 2475
15311 62819
5770 25407
61557 8549
8540 33290
58331 20721
40512 3110
25620 35862
24348 29032
24616 3633
51206 7708
58848 43684
26715 62196
18467 8159
7053 38528
9641 63797
47161 24877
35071 35692
15077 35374
7655 22645
50397 40524
23245 26168
8868 22274
18555 15090
43084 19684
20184 23807
21338 35235
46764 42151
62575 23756
38227 62874
17475 25987
26213 44768
45670 28745
23586 29415
55079 61739
39088 41542
25364 49001
15110 11022
5524 52928
30588 50489
15598 44979
55032 46575
50504 32965
43667 50786
32006 62989
43711 43989
34786 29989
13782 48528
56668 30934
50401 57971
42952 42614
19657 54473
10864 42077
55975 31770
24157 55682
30018 37793
55811 38778
23700 26917
876 32010
42350 47823
5428 48249
41969 44989
29657 8145
37645 55811
27077 10305
27061 17346
41864 38106
7157 28674
6315 29112
9887 26893
12434 49141
51139 42737
7645 24938
46741 57819
8624 57477
37614 53495
39264 1899
10047 41356
54760 40061
37100 25352
17817 35717
27118 5522
4991 38325
61383 37377
61143 45467
30891 8877
32 45918
2251 45057
21022 53319
22698 50266
35922 475
26252 2038
47938 36297
22991 18579
52768 7350
17442 21883
11813 10032
30112 2487
31502 27379
52133 3819
18766 24501
51036 208
34620 52622
49649 2485
39866 7780
12118 53243
62940 2116
7065 61686
59870 33805
61848 36137
48354 41622
49969 24141
41983 54106
49596 62221
46569 47381
43206 21233
28610 53571
36368 33366
53870 5862
41629 42756
58094 54182
45549 61733
23850 5504
44846 58674
25479 30780
13665 35518
20186 12483
15977 52860
63252 58801
5112 56711
57366 6438
36397 32854
34092 54038
50932 22840
13452 28247
20489 15606
55631 383
59540 16719
62827 11756
14395 53237
9192 25581
55487 32206
28938 39543
54764 42774
16540 4975
42211 59942
25063 62659
35502 23917
28639 37262
776 21112
15042 44385
30526 4768
62401 245
24633 61188
22038 15975
48508 19608
61428 42567
14366 51684
25284 44413
51626 34618
20768 27487
20438 27895
56833 48155
46321 21653
55670 40602
17948 26667
50309 36887
54038 7977
30323 41622
9379 28124
17659 7274
25981 38020
26608 4100
7344 1436
41891 6702
21860 47126
52862 31196
25338 54559
21846 45034
12649 31299
16608 63418
12495 47989
926 46364
11319 965
25317 10377
52323 16510
55858 32760
19610 38709
55157 50538
57469 54948
1436 28018
46764 13030
11741 10963
48461 51915
63276 1405
8280 36090
54874 3069
56461 39563
22565 43422
16668 1471
35309 10372
34012 7333
32811 5545
40196 57911
27495 28241
29790 11704
36588 11971
17633 35067
38325 51647
51354 5948
22293 51379
45016 61260
43889 38913
63897 29872
32899 56674
58383 5225
34219 43459
60993 55573
54686 24735
36530 45858
2043 1565
15352 1188
42018 48170
19766 1971
3540 8106
29561 40643
14073 3065
8651 46043
35077 56309
46846 57403
31596 44727
62758 49963
45967 9504
17813 34219
53659 55442
23415 58784
23225 60876
11202 34885
58401 28227
12458 36477
20305 17202
12631 33985
43782 42571
42983 35672
1858 30620
51358 42637
36331 24190
22090 23418
16479 26366
15020 18252
43899 56776
17643 2926
57461 2526
48385 6280
16407 29751
21006 47319
59543 49792
110 1956
6594 30008
37807 53385
31655 27202
29479 44061
18776 5672
58678 47329
5674 45899
5159 28659
57579 45844
38012 18516
57176 32879
63954 10854
56708 60346
8708 49229
14176 38735
25545 34543
7684 11483
12922 36413
5889 9415
31254 2159
32600 57786
40819 29424
59475 45967
38778 32420
16870 33756
41321 31790
24788 293
28950 26094
17975 57627
4860 34944
19126 6893
28485 39729
42219 27110
54124 27991
47985 30620
12731 59413
21477 51137
30807 47442
17803 30428
8422 6526
53944 25622
50366 10981
12719 35127
12420 39485
12881 17202
40760 39198
3313 3122
46473 63499
59376 46993
57209 49352
11360 42174
27958 48311
11081 42336
28942 29116
26581 29143
32641 1956
62973 20551
25942 30323
59395 37741
53415 48510
44098 56680
21704 10725
9661 38286
23057 33836
26321 35245
47975 35735
55438 21438
36981 3334
45081 17995
37518 8180
25731 33969
7979 15696
20129 11651
58848 14053
61233 62495
32977 60655
4297 31668
46987 4260
3090 21239
63786 16725
56231 13973
54219 28370
5643 35772
33846 32969
57147 22719
60834 60368
5172 62766
56985 54731
47584 50036
49879 56403
28659 61749
58157 29401
60151 47780
25911 52536
62526 14844
52206 24153
24276 63288
41739 46493
57393 50534
46602 63700
62956 31120
41188 47417
4829 31393
16204 8045
29510 52809
29834 37608
22090 13858
14001 46235
12333 12624
61766 38288
60885 43959
33862 14100
15626 1299
42329 23338
8114 57083
9295 32008
32176 11805
50874 1057
50622 9711
12186 30624
60081 59084
31508 7903
23954 51186
11553 20641
63510 19807
3856 14252
49092 31446
24303 18553
5456 24116
25788 62141
25225 8778
17971 12383
16481 55387
36188 59026
26475 29579
13473 31448
59463 37969
25700 59522
2667 12090
3864 104
50358 28940
23473 11159
71 54159
9075 15497
50936 1848
27911 52135
6147 12981
10676 25305
21542 54473
9430 17057
58307 20856
22616 57506
29834 16575
49206 6698
40655 16932
41977 42108
19549 57631
37915 37747
739 22961
7725 56913
35239 54602
22497 52553
26305 11049
23459 37260
7030 23674
48897 32883
2043 3399
12161 37780
55362 16008
12821 25668
14338 20069
18942 22135
35752 53493
30479 16749
60022 2713
9801 12790
51536 40491
49340 36633
19120 34344
62368 24733
14618 35598
42883 50243
19604 23071
52653 39252
46221 51379
21344 14665
42139 1860
53805 17674
53643 22131
50463 40897
44840 20270
38848 19108
18999 3624
22241 19606
32012 12221
39446 38208
39977 28854
9688 54866
2909 23731
56641 10913
58581 3797
53571 41922
36479 32665
43612 52206
45889 27157
21163 52928
114 495
24415 29854
2799 46106
48995 58706
34405 28045
28743 10167
32780 51
33608 10489
21883 39235
34672 39743
38616 4374
26299 25676
23780 16844
47409 31215
3167 62178
59874 37577
20768 22247
58045 9012
22112 8051
47397 61170
45719 63170
10303 11098
24698 3801
8938 50846
4448 1446
31292 30725
14497 50215
50325 54159
16463 12756
30245 62188
62145 50807
29897 21577
59723 62381
9290 58567
50104 43567
1247 40233
7377 60959
62176 57483
1403 24711
23975 31672
56524 60223
61045 26846
32395 4434
46446 1608
12952 40760
55167 6606
57497 38653
52524 9663
55901 59762
37692 34501
13950 44764
24338 51126
38801 54770
40409 47807
30569 41391
41018 42700
14034 7422
44483 17090
28481 44135
1459 40254
61667 19217
27219 55956
33893 1321
59057 48567
62223 43249
16801 58799
50823 25751
40471 63084
53413 39961
27045 18553
5864 26452
24364 23667
18899 44907
151 442
20930 20432
32161 334
5032 20485
13452 27723
54006 36424
46790 35026
53612 3696
46163 7450
59891 58635
39440 23344
14635 37895
10133 16209
30963 10501
4307 20303
7042 16534
44594 49883
45913 34434
1346 10083
55465 14922
50909 5389
6508 43571
15018 35774
54989 21967
3325 22430
22331 17528
13043 49139
63887 31928
11721 33256
35536 18147
13147 56346
28383 48165
8362 56401
29600 53247
29815 47731
27391 62891
18639 18438
54071 44372
29042 31545
13276 12920
55834 63731
1309 26540
19077 43702
8594 31420
23856 8182
31256 4002
21178 5528
54846 35657
11999 48981
44167 37983
48364 5518
41233 58749
21690 42358
57366 54432
28157 45075
53395 45417
21237 37334
14002 11778
53338 16270
26174 7731
8583 17467
47795 44674
700 39586
44352 28870
18053 2604
51780 7751
53788 9674
11409 50854
7106 62631
23065 19366
17659 13094
30270 22313
7081 51223
31581 21354
49626 18075
24053 22221
25950 19598
4823 18772
54008 52252
4823 39663
23073 30254
32614 39661
44885 36436
30344 49569
19934 10741
39840 6782
4846 42342
40819 469
26911 31383
43215 33374
7733 14352
23649 34251
42004 47057
32014 54907
29399 43264
58182 41897
57602 62920
48840 12821
22454 40038
48458 27249
11225 20172
22366 14288
63014 25549
39965 62745
276 41799
56077 19950
57459 12336
32387 29174
56792 14333
21040 19686
33168 54352
56348 35430
58188 41583
52633 56340
53288 16713
2174 46258
30020 42411
31309 33493
11461 25452
32633 62001
8721 28456
31340 11192
10600 61260
43688 18356
40358 37905
9571 29719
45618 41251
29247 46124
59379 45229
14161 37331
14184 4696
5915 2952
31372 38938
17344 50006
55485 18782
9741 5094
39795 11336
12176 31208
954 60362
36971 39153
60752 52260
53280 3616
49038 1698
56795 61833
1723 34840
49598 8897
39942 20221
32100 11692
4323 45243
13145 43440
18379 24278
12213 52885
51045 20424
59756 34106
36315 14872
41663 26926
28022 1883
33838 45987
27731 39424
12920 32422
51766 45403
37114 18155
11358 57526
39153 20836
35920 42805
5381 51401
45442 38670
2971 8235
34016 31708
61252 31997
62483 36026
9182 7032
14211 33258
42918 63440
31989 44168
13542 61747
26051 57899
883 42208
3227 24840
35495 4745
55213 23112
62723 41499
27971 36696
58934 20001
14254 31167
49838 30989
27254 21059
4952 30833
61370 46868
62192 20586
50114 11661
32579 23668
31131 63317
47075 52168
28348 399
15547 27778
25249 51647
15846 39342
51264 35088
51028 7042
51311 14788
12682 31194
8424 37204
16393 47688
53542 17198
27331 4034
8399 43637
29958 10045
15549 62637
43864 13145
37518 40440
23733 52293
7071 11895
33420 543
10616 28583
28172 42219
46727 52553
18958 26721
21790 1698
16928 32956
36776 56735
20008 30391
27141 27831
15598 10737
25852 2846
5420 12247
47530 51194
26473 2653
31727 53340
46116 2711
59325 53913
25290 32391
55 32452
27836 5676
21151 1772
29979 51995
27120 31959
11893 46268
36639 21979
49422 41602
14588 32928
27917 2584
13186 44899

