4000
15569 40163
59940 47459
49397 34719
34325 18887
34395 38717
9290 4188
25219 25422
46430 34542
55114 18506
60165 40588
35418 34809
19079 15233
4227 34692
39372 27075
10155 54034
56456 18461
37243 19852
8661 58167
24973 63538
27071 22700
5428 1727
29483 16231
27551 14799
4499 55147
18557 40977
63731 7237
20446 44088
12139 39485
55661 16920
10493 4510
59852 22215
31956 3614
31780 29290
6801 44471
6342 40274
21241 7417
713 7983
32387 14395
51626 39405
1348 46501
45762 2815
34426 56161
37292 56530
26459 59948
50495 1260
60286 49997
61563 62116
32323 42069
53479 42211
14282 34231
6049 29915
13004 2153
35045 49719
62424 25043
30487 46721
13649 28209
32030 26754
21172 4221
51497 14118
3211 6731
4526 32950
34172 10897
61336 30221
11225 22434
30637 10350
41024 17305
6641 43444
16538 30012
61223 33168
22016 36536
59182 58237
36073 13883
2653 21528
58889 14276
62614 60834
29569 59946
63549 7219
19575 16569
11219 49016
4336 19321
21549 55444
18950 9553
24667 37846
10 44108
34042 34567
55586 63227
10762 41432
17292 11133
48928 1874
40502 19184
40186 30667
18700 9700
55364 53305
25915 30372
25256 58985
1331 37334
22514 21223
57981 52836
46672 44106
13594 55547
38299 44149
37553 17481
48268 37793
51977 21565
8155 24522
36932 41807
51760 23600
29778 24102
1764 22442
48616 41667
59495 10610
9876 11088
31827 49424
62040 23014
29204 39208
61461 5440
32793 30149
20340 29657
48752 34805
60801 40793
39627 60209
41102 3002
6885 21614
11977 9262
54549 63864
5096 1811
39983 56379
55647 61192
49786 3782
49047 13942
26809 10133
37784 20897
42319 2801
42372 110
51258 29952
46436 58422
48645 57670
31930 41629
41108 16698
60467 57292
47516 48803
54780 16165
54768 38774
54313 46251
14686 46030
22926 17483
34 17870
46733 31026
29674 14338
65 47204
833 30717
29553 58065
6504 7639
38340 2547
3973 10834
32418 62297
8459 18499
23090 24086
33895 2280
3549 10877
58827 59901
37598 51495
7426 5401
18481 22936
23655 30999
31846 59295
4524 54584
48825 17329
14501 6848
11254 12618
35028 16006
59006 40391
31176 56180
41446 54938
5413 1381
47026 57680
60502 35133
4987 31838
13534 53711
29202 41737
55059 61012
6133 14747
11379 1042
32922 35823
47932 2034
15596 32698
51823 54200
33401 1678
19465 31084
35272 36079
31368 36561
26415 27270
28012 3458
15010 28370
16901 61786
45063 62540
28684 26616
33352 45915
4444 35569
56520 15159
20094 45932
38284 49649
5899 29399
58774 14272
7124 46446
43989 48864
15805 54307
57385 10254
35653 38610
15592 8954
50075 2606
50239 54452
43325 20042
17922 55159
766 13651
20286 42944
38286 41272
52241 12329
10809 47588
297 12282
29946 55497
29016 8657
24772 11100
17614 27243
31719 325
4657 31444
51606 51159
46903 44584
7778 47528
42264 34840
51391 56776
34893 8788
19803 60793
16391 23596
22096 32752
61141 51813
61731 53475
1780 48815
30317 1426
58770 28846
30510 46334
30122 51704
58036 8428
55223 54045
24842 29305
46803 3315
49368 40426
37016 52301
11942 27229
3653 20311
29307 46874
14483 54979
14276 13612
23700 8700
38487 1770
30526 23670
48321 56377
61913 51590
11917 5399
49376 33944
7315 55610
21959 4946
49741 42084
45325 51092
63999 33311
8952 29334
55991 33940
35489 1889
57374 15143
14198 9667
25327 62616
56553 14329
39450 16184
55950 38963
17792 55055
21530 57389
61991 2676
8155 46092
13559 21237
32489 4770
35272 21776
13208 39524
31694 11932
61333 58649
42827 51303
6696 7079
885 52446
22526 61430
24192 17491
18153 47684
22208 52379
45856 63493
41668 44739
31811 31112
63870 11368
53184 34946
43059 41358
47342 1739
47961 8836
47186 1372
16428 29327
20616 46295
9208 41749
24112 27583
24846 2032
4448 9610
5713 30360
22530 49362
57143 14032
41350 18364
37717 55961
52081 1227
14655 54792
276 20840
38342 62635
30221 48165
25977 26446
61379 6672
342 47004
46985 25395
1709 17542
56754 10600
46854 31977
61721 6108
29213 40788
35194 28208
62151 16501
55848 13223
7358 2811
2934 35686
34381 29317
1612 27139
57268 33897
56409 49575
22334 30700
30819 33477
45077 25752
10995 34516
2180 46217
35602 46836
8676 41243
61764 43004
42215 20473
45163 46545
16465 60149
44237 11135
37627 30862
34526 16403
34100 20915
47126 42356
29235 29319
61282 24440
55247 30403
9090 27215
18233 8063
26344 22661
48327 37631
27485 7112
44959 13360
18694 6799
39270 59542
35106 2047
19627 7256
28137 24065
10268 62733
60954 6377
9084 25344
50047 28891
62514 13223
50963 24557
19565 54502
6120 34690
10961 30188
16774 18889
43428 14647
57114 49600
11075 3723
463 25284
49926 36485
27620 52235
41571 20586
47311 53001
47934 11264
54790 7440
35178 61950
58536 24401
28717 12516
29100 50030
17381 61147
36055 10698
44670 53819
3094 4551
61172 1428
15233 59704
40071 14532
32143 33024
57803 53709
5624 63584
9831 53559
23178 42698
7534 50315
3729 50608
38243 39090
39458 29793
62377 22741
13752 4895
25733 42358
37309 15266
862 11391
12333 46163
63610 39381
58877 20540
54764 43334
49309 9485
48819 36715
48883 19272
15879 22057
36467 25036
10684 45209
63364 57090
14752 41206
56284 49840
61661 29752
38426 27352
27438 34344
38686 15524
36090 27016
14999 62893
30251 40698
21793 16065
32948 47217
51581 7772
34510 62907
36668 23545
6588 15858
16991 17026
1297 28776
75 27893
5501 11483
31120 44418
20200 49024
63215 24645
35057 31422
17676 10192
48057 11034
8495 42682
56264 53547
32940 8807
39725 44602
62256 19995
56504 10020
26512 44713
22815 3686
51543 39415
303 57036
58061 77
52442 12167
40844 28385
44059 52584
10083 26545
45983 25577
16838 10698
54811 34194
12633 16989
9821 8874
29155 14243
32979 32678
44096 13260
18098 26170
19116 18762
31110 53895
51924 13934
7463 50501
40491 7606
16643 36487
17389 14063
27823 5561
40245 59469
62641 41637
28333 20926
53092 39456
31282 32149
34557 34819
39917 45778
55944 6463
17211 54297
52973 27545
27377 7600
26559 12766
53081 33165
4354 3114
18766 60856
63376 42219
58133 34356
19797 10364
7709 3225
23838 6086
20563 61575
1788 41426
2147 3374
15153 24797
18252 4377
54934 13469
17096 24686
61028 45696
55532 9922
28739 46448
11391 57032
32436 12788
35930 62717
28329 12858
24436 4499
34354 12497
62917 52377
37215 23485
956 61157
32516 11409
44661 9362
60045 57153
7749 38799
167 18022
10770 60735
17346 14475
10430 14700
8803 28501
53055 41915
32280 3604
42184 59354
6938 12424
18268 44417
21389 25979
60518 4237
54834 2532
40858 43610
61350 22081
4010 17549
55270 32481
59715 14465
59723 21180
49057 3969
4274 50592
46930 23305
9700 11084
42626 4401
57885 1600
52538 39553
60854 39891
31004 59725
30905 12401
1266 43483
21895 37737
28551 50547
55637 41807
9290 45973
23415 62547
50444 24952
32643 18297
4977 20251
36633 9788
25432 54251
49495 17760
61647 1645
40159 2209
36586 729
39524 33249
34307 35338
2731 51606
58042 29401
24563 40735
36413 36114
1969 16561
19762 7756
45709 40848
28618 8106
31129 48194
8276 33510
38063 12637
55518 48551
5850 51915
27434 42358
33487 35313
42403 7536
34899 21172
23157 31719
51346 1999
48010 19751
58932 27204
44186 4489
61268 13483
13274 52235
9233 56790
26831 16792
17885 43969
30071 4133
38473 17993
35723 9723
31590 30825
41975 38436
55452 41918
567 1114
35282 4331
1002 57743
35852 56463
36883 61262
35118 1432
32370 51997
20993 40059
6764 8700
49260 19487
31231 38249
60575 59426
47624 41932
54633 10020
35446 40397
35430 27331
20944 3190
5668 40467
30311 44946
274 12321
57030 26184
53053 47932
17323 60747
22456 12485
19752 7848
2483 16926
26920 26756
28706 25204
3307 16094
61413 5133
11239 15778
43887 28893
4959 33563
57803 17143
858 30223
53747 4762
53793 61366
10874 46215
13557 29848
3667 62555
27463 6846
5852 28022
35057 63516
61409 30305
52946 59321
12723 26397
7772 56940
55866 44090
19286 17836
32981 11092
19565 24432
11817 25772
58350 2915
62374 59520
52497 661
52674 32751
9573 56299
61663 22508
59565 12389
55231 7719
44711 36719
63364 62049
49469 26241
16413 16407
20594 3624
30499 13049
51356 434
44030 13333
55868 940
43352 1077
23559 40540
35524 31557
27751 8821
46213 12120
26366 19233
4721 28426
36778 63399
50129 14321
18754 4040
32577 27325
47559 32532
23655 55747
47149 21084
33934 43432
49522 7551
47606 18124
58170 50848
44264 49459
33667 31018
29799 50588
39381 63909
2424 45411
41313 56471
3819 19448
40045 32698
53405 40331
28848 12170
51747 21922
7868 47249
27075 10051
60483 32860
42930 43889
17749 22944
12940 22940
60997 27502
20721 41651
60536 24274
46889 21661
24491 55043
21227 63665
31768 52573
61942 28909
39135 36151
28071 28307
48436 1780
39001 9176
63922 16973
63124 53614
5719 38188
37600 26487
33411 24881
29270 59042
37747 60188
42663 58157
34483 28225
9153 47206
26342 30024
11237 40543
43094 81
59920 41637
13772 25542
55256 18792
53012 22001
15981 530
47502 11938
56292 16581
20581 43764
3747 26495
32940 37510
56290 9887
9463 3126
4393 40303
42190 21411
16334 4719
23393 49569
598 6645
54801 29391
31391 26879
38924 40053
3301 7870
26518 13553
41059 23708
46178 34760
22448 37745
30034 40102
60319 61833
33600 856
45743 27196
19731 45094
34284 52918
44708 4227
25397 38069
52442 14188
20952 31428
50831 57239
879 48872
4192 10393
61952 24352
23876 6481
37668 36524
62954 49821
61295 24977
17069 36524
46001 34114
13391 17432
56129 6629
61706 61663
55614 36639
1620 6793
47483 40418
7903 53667
50514 10766
27944 59819
31014 4999
13344 25534
3708 8569
23620 10526
35768 40309
16040 55241
47961 1293
63590 8786
42920 17333
47063 29485
14549 9092
11254 60065
40532 7836
39313 3448
4002 14788
3196 53188
22295 26129
28256 24530
4862 45614
45952 20079
58282 2811
40682 60114
32424 38969
4751 51510
53704 54514
55448 29305
19495 4163
48266 60862
27649 25667
36233 2690
35139 32174
13370 35862
15840 30233
36284 58077
63426 25393
57876 10336
45385 9465
55172 48252
46184 43374
41293 11969
53524 33659
31536 48731
61751 48584
1581 50045
6376 3893
35834 13502
63721 12159
63887 15196
25698 33790
23100 46784
11698 59641
37311 3159
11626 39258
41680 10766
10040 16745
43641 38522
41430 8249
1997 5372
6614 19092
2118 30473
8264 54499
29292 55995
11549 9973
18172 24553
35913 63286
56374 33260
3975 46090
12180 46407
5547 17174
377 60766
38786 3313
60217 49526
50467 41772
11502 2838
41381 26418
38799 31004
34858 43469
25772 16278
58415 58854
45643 59293
534 27206
29780 54118
4555 52479
60405 21938
45700 6198
13436 49360
57221 25315
61440 53338
19684 15709
58725 10737
35348 31299
22547 42501
57704 38792
52452 30459
2120 42036
45723 12772
35608 36032
46987 11963
43733 60538
53907 29612
56627 15311
53028 13657
56143 18985
3733 20325
50126 13547
32336 56682
51811 36469
42284 17819
18350 54446
26499 36651
26458 12752
31834 60352
35180 18252
37670 59407
25807 30002
42608 3290
60879 63502
45325 48768
28346 26555
21520 10838
20840 770
31008 34278
28069 22663
44930 63819
20344 50417
11088 30959
61225 2237
3401 19391
55299 40348
13499 23059
49073 26608
62430 30827
51001 51752
62499 51801
32629 4264
43219 47243
36876 16860
43413 23137
31418 12614
27411 57360
9231 60692
23389 3495
38221 19727
9840 53251
58010 50805
4147 43528
21829 30086
7295 34088
53540 19047
2721 41866
1788 14342
47256 49897
45276 47305
12221 32868
3155 7055
36643 29303
28559 1252
34577 2366
19243 52454
22579 31288
39362 8108
57286 63422
46372 62174
13127 24928
1042 14370
38165 32073
62620 33026
62049 29157
27088 23586
26108 3079
14577 48725
41551 36506
27874 54084
33821 5684
4084 1653
63034 40862
29399 8739
46584 19352
34997 58608
9844 41209
52057 32708
39002 29528
23922 14549
38024 21385
61362 15190
63741 59381
10979 30354
61059 33831
54723 27172
28293 49557
58545 2559
10631 3334
28170 31186
55719 33928
30001 61118
41372 18790
15127 15043
21403 35346
16491 19147
39598 24940
5143 37600
57793 1383
3661 14678
36084 2131
62653 58501
43167 36094
58420 40405
50792 58063
5723 63930
58360 31758
11682 25438
9627 47528
52803 40360
19540 44631
45122 21051
53198 182
5479 52299
22940 6694
5917 42430
21553 12274
39211 40053
57612 53407
9508 14428
34936 50407
30102 41458
46178 59454
26338 13307
58538 51286
41631 5643
21586 46497
52614 36501
51243 61467
51413 30776
55848 54924
33045 4348
58383 33112
5944 1813
4801 55602
47604 57860
56485 43725
11356 36252
28846 29622
58264 458
62020 43920
20157 9877
33711 24049
47764 59725
56155 29161
37997 18510
15194 55682
38344 25163
45501 59508
18401 47768
27907 54790
54506 25936
2864 63379
21530 2799
34036 40872
29758 4622
8001 1292
60928 34045
16090 18401
41368 62961
12356 5616
22274 6989
33647 40577
41108 15610
59825 48321
38124 35899
32100 57081
42010 7891
3493 32727
38672 33581
43418 57813
57118 21536
62399 53260
14493 5135
10893 657
46223 60442
42268 55196
31292 61696
5877 35219
62635 56424
36276 46409
60663 26192
4553 62583
23917 6958
45793 29127
10829 39084
56668 39057
2637 24934
57135 35684
21395 52127
14292 63930
13126 44405
62313 12258
62100 2116
36561 59217
62221 14340
23780 62633
51565 24629
14438 1405
16016 4374
39190 27942
48047 3792
27454 1211
50614 30549
2135 2422
182 58008
40456 39331
22874 49081
38913 57163
17741 41733
56368 62180
1165 54092
57256 3850
10376 47200
20928 53659
36110 23370
7100 30528
38374 50188
55448 18887
3346 32120
21319 33336
31403 43762
57561 7965
30264 22708
52489 12270
27264 20030
13969 51719
34760 62413
29627 58924
34643 55883
1192 9452
39995 1182
22948 245
31856 54756
2325 32690
49131 1376
32608 42284
37604 40374
51778 44944
56092 19516
41465 45938
61717 42493
4038 29440
307 32038
11815 58709
63915 22667
14405 36893
49467 45045
18155 54454
48542 31985
3752 41233
58264 16053
3924 33124
39331 24825
27278 27376
59155 7741
58260 32526
62147 32606
11245 54958
57102 61702
60741 52069
7735 57534
9735 42092
24321 48194
38145 16512
14475 6354
21407 37126
31043 3887
17190 35717
27131 48104
6233 18372
252 61620
13297 395
3598 51854
38262 53876
46440 36139
27327 49860
1651 24469
18358 53161
54358 9862
50336 55780
17706 12352
34956 6973
33764 62612
12329 41920
25551 43192
28815 11040
34176 41385
59001 3903
23118 43721
41762 9807
3618 10084
4497 24944
23213 53458
25442 28206
39372 35282
8153 47618
52278 30459
42075 59389
6725 11961
43258 5598
29139 17075
25198 56489
61729 41270
13788 59409
35754 25690
60417 28360
29936 16270
7168 40178
19963 28481
34163 47338
9159 15690
43018 21383
18241 51163
58434 40981
20223 33668
21903 34604
2442 50737
7549 7829
49702 5510
2084 17274
54555 25247
22897 17143
36686 1434
36266 56422
37454 35526
1690 56665
59520 12321
16352 32436
41639 10944
53706 48360
18553 31469
38186 6801
8004 43161
6043 32170
30897 48340
6309 9854
62565 15876
3877 5768
1170 18307
14713 60536
27225 42577
31196 60297
32247 409
31575 34137
26522 48292
15561 44133
12012 15098
40026 18047
14374 31334
4854 34622
40108 5993
58887 3514
12833 45061
32026 17842
30682 33626
43428 1379
38831 27618
51852 56346
27141 61188
50112 5842
38936 55686
13670 48911
12899 36290
25346 62202
24100 62239
6149 42293
50131 12706
50239 54608
20403 42288
26018 6975
42518 56122
17336 45811
27813 42633
10831 36917
17995 61891
19383 16917
50926 63614
7709 13301
35510 60778
42071 31126
9725 860
30102 12293
35768 52709
48786 53499
42325 11038
50522 48778
19977 8534
9356 2692
47719 21606
1303 52122
44610 39754
811 34713
4542 48559
39348 9917
32141 32295
60120 34676
41801 42182
50887 23731
37809 24241
44950 44543
5643 28799
60213 20858
12356 47592
14413 26877
58098 36522
6442 18071
20780 10012
41817 52596
3827 61006
40260 41364
21090 579
35413 16715
32870 7188
60674 21715
35055 59534
15153 34102
63407 55053
27760 50825
6950 52034
13424 43231
52497 41366
27418 36870
54301 29899
47823 25922
58831 33438
24114 40254
22655 57362
37876 11098
57483 46866
5633 9358
8303 12823
49817 54536
18663 59286
7838 4290
57055 6592
37317 2612
58459 122
19405 12631
62973 6649
38251 51
21598 36340
22583 61196
59129 16379
59428 13688
32184 2196
41940 47766
4350 36342
33364 36202
28456 20979
9118 60860
25973 2002
39010 9876
9536 14774
19573 35463
30592 17495
18522 46344
34178 22200
21338 24797
26811 53366
13993 46342
35520 44165
23764 51
7991 4325
28215 63461
27834 57622
58270 10145
34995 42999
21426 3885
1270 5305
19096 61477
6954 53674
44059 6159
16616 17497
24055 37668
15999 2053
57491 28922
52040 33756
15278 43319
6022 25006
18793 54670
49844 40694
7965 19756
15422 48313
37487 13499
35211 29704
27143 40780
43856 20418
28284 2854
50959 58715
52401 8420
54989 58180
11844 35286
36290 33956
34653 28682
51243 56622
39520 18192
33534 43684
48879 59299
28549 42682
62114 29577
18907 27950
6889 45481
3094 56963
62618 57792
61256 344
18051 31661
46077 11477
4975 37292
40815 53747
54061 57251
6450 35405
46819 52385
15948 22073
5682 28389
9672 28840
56229 4977
21901 14030
3502 13690
4467 24542
32485 26329
5551 26864
42674 3999
21561 13680
22805 32801
24165 48112
63674 32129
56438 3590
47108 25606
4135 5344
41047 12629
24090 51522
30754 46559
19741 11928
16159 5518
41772 18391
1303 45825
3893 12762
9946 8045
15737 2524
37256 45672
42885 46038
7665 42432
4006 45411
32811 24217
39143 32987
15643 27633
11100 5461
46612 31184
21975 55627
62026 11073
46803 47743
18499 23641
18327 34520
13534 56409
903 21741
6251 61764
59520 22508
40204 43268
37950 31104
46352 32577
4016 26481
143 19008
39997 19391
22725 53708
8151 61116
48280 14465
17358 35833
55489 21135
44901 50622
37114 27698
15356 29069
1711 28936
6622 26508
13463 47743
29067 901
52149 61045
7801 45315
19219 54364
54079 8049
56012 42993
55813 18374
28090 57801
17235 11895
5700 61667
49661 29555
18356 50522
35391 24239
17557 49049
42733 53020
53618 62969
42153 37038
627 17981
1547 30969
51543 3311
62641 56167
37397 17899
20510 55387
8629 49196
48231 47165
4549 2594
32655 13803
40932 55493
39305 48987
33711 57961
40403 43032
48834 26055
16006 7747
20208 29743
34301 62930
29790 49458
12983 34479
35803 23284
47788 54141
15069 18752
50141 62876
45463 47280
27930 55848
14514 31217
7399 59047
16098 17534
34176 11524
33288 60112
19424 15266
33311 56690
61108 38680
32626 50413
46401 47719
42149 2006
61194 34618
26581 54584
28764 22260
43862 41081
39532 26176
58774 24307
49963 52153
44635 43622
28600 47483
59151 26247
59202 11827
12358 21184
7016 57708
28727 49788
50190 50626
33360 50926
18276 26805
40336 46799
55897 58555
29167 47358
41508 61272
55383 11370
23301 4042
57249 22088
62225 57893
4594 35569
16137 55665
43774 63583
23073 37493
4762 21190
41647 39928
36356 36905
38579 6684
7508 7506
13334 26997
16799 27469
41905 51620
32014 27014
41704 60444
41858 56793
15594 23739
21788 1188
29026 55014
7979 30247
38323 33522
29407 60229
40071 54364
57 44799
19651 24241
25268 6815
40874 16813
8182 32774
18770 25702
34338 35850
29473 25096
36383 21592
59254 2
24907 22215
46667 24110
27395 49534
15813 47280
61331 516
2758 46667
51389 57469
21038 11459
16788 44836
24313 31245
54737 12631
48149 22004
62028 60489
40903 63733
751 8348
13754 51670
10122 63758
19854 19186
18444 19803
16592 26251
13206 53659
17004 11571
47272 19776
8288 38325
51239 51680
43450 51524
1885 6403
48090 25014
4756 53538
4290 88
8879 6920
53641 61729
55602 20926
29387 10475
11547 57415
7708 55917
7702 41266
44108 49811
22627 30577
44946 56819
23795 15452
52079 36883
1049 15446
34639 29211
26192 25608
41932 19895
56692 33165
3459 51157
1524 38831
30061 10213
23129 48729
54204 39766
57495 34950
47364 48120
62377 22731
36561 28928
39626 46264
5999 52559
61651 3120
57844 39081
52008 45305
22127 30889
62110 944
41756 50944
26057 579
42674 8635
55608 34104
63129 19280
1254 36315
56071 63233
45444 19100
50678 54639
29905 56225
55004 13786
51112 22786
9752 5110
25879 47243
7170 46805
57055 42116
61083 38073
5374 39280
26024 37975
33407 15899
39532 45944
15653 40977
37526 1885
28749 4540
60846 51932
7801 15446
30895 5797
14856 25801
8409 15780
37473 24030
61360 59377
59450 58542
51979 63526
25645 26045
4905 44467
58950 22475
22454 53243
39362 38540
25024 4811
55213 53915
10612 12792
4491 16032
23467 27827
48301 53526
13862 41579
2465 26272
58991 38340
9215 42079
38999 60290
63043 17983
6116 16344
28655 44188
20948 48659
29053 12616
53864 62745
25760 12079
5520 3206
5141 16098
60516 57112
40874 45321
20157 62987
46526 34583
4362 59428
24276 10586
16684 35348
47743 2202
58452 47842
16948 33403
14057 49680
23401 4813
33340 16418
19313 5895
57120 35155
12928 31749
43838 48883
59991 30543
55342 6489
57325 23569
31770 48374
16549 7924
13583 5686
55911 23813
711 19196
20247 32473
14831 19788
15073 50741
2752 4571
36790 60221
18956 2626
49022 9096
5233 377
31079 553
53463 573
4538 25842
21510 36913
11959 39954
28243 62288
53721 57924
57692 44639
20977 45762
6313 60467
14743 52010
3395 15932
1114 33918
34577 1602
24594 16249
42497 14829
57557 36709
46569 55721
3834 4010
47879 34780
22430 10532
29211 50135
25348 9645
8188 24407
51557 39627
5553 27204
51084 32229
14567 17239
13209 3842
25528 10069
60817 51315
63424 45469
36846 54374
36706 417
60887 42682
59178 29709
45879 41520
19034 16215
36959 34084
16997 28733
2413 6430
63596 41481
42766 9006
17563 17223
31995 8856
11358 16010
40862 42407
41815 23538
44372 58903
59918 57145
7368 28467
5698 51436
2233 24774
34258 17512
44729 24354
58917 41850
5963 28528
9491 42782
54463 57954
59682 2624
2395 49819
45614 17409
57901 39631
17465 50264
13553 17659
58256 10391
12948 33977
31741 43692
53409 6157
17430 57010
22831 59561
46745 25995
52631 22280
26282 44594
40844 56678
62221 2170
47331 25586
23840 22252
31106 23098
32168 12885
55813 51999
7764 38637
9299 61819
27598 56213
27333 57528
9098 19694
27434 20817
23276 49401
54838 58045
11018 6399
38584 4790
12475 22602
19721 53022
3584 48522
25649 30918
1727 32635
12573 53282
46491 10372
10094 44604
13573 52737
57924 20743
19807 56545
4709 39229
33309 30303
39006 40186
22747 25682
38354 23899
27743 48647
14493 18985
12397 60204
60702 31200
35934 16747
31254 2868
26481 60075
47006 36940
11958 38991
9106 19665
30106 8553
46833 47907
59639 56934
17557 27059
26512 17926
48823 37614
35319 43045
48565 28331
47819 31280
45436 50051
54588 42458
53280 36118
25784 12235
41704 23436
47049 62715
50799 12153
54542 46698
7973 37959
23065 3532
52913 39024
21364 36620
32667 27543
28502 10530
60860 19922
13403 9739
35026 43583
43485 36999
6071 58389
28444 21331
61860 46702
17149 21643
18924 46063
13659 31965
16303 58499
38383 42327
1495 58442
40346 17243
34555 33299
2588 61833
40299 22620
38692 53561
38639 25905
54422 33606
59049 1042
52510 59852
1149 15348
14547 47506
55407 3258
54006 27338
25995 24631
30389 3555
25725 29670
22508 33282
53161 24487
18876 29690
25805 27278
31233 38733
19452 5126
13196 43514
47639 13436
22030 46282
27239 23983
5545 58042
32168 47596
36129 41805
9219 37467
53879 15452
18028 51069
4895 40221
41155 28721
12659 44838
42299 50760
60575 43239
22631 47356
39604 55958
49258 14930
23047 37102
5805 33215
22440 12983
63127 48938
46577 30346
20149 118
37655 56249
48821 54999
58555 3545
33209 3606
49239 24006
36704 7924
38264 27063
47354 20704
63442 38168
63331 14883
47612 34799
12516 61657
35528 42065
56208 31141
13893 21948
2956 1690
40506 18184
46530 63817
32534 26739
17997 28754
3907 53934
5940 31631
37846 24190
46788 43278
16508 63385
11280 48657
57768 51858
13047 57915
17102 61020
33331 44065
28627 55594
47811 61293
59237 27489
53573 61883
1881 31284
2188 49774
9963 7354
60930 24739
38868 14602
56108 35188
24600 54838
56524 49606
49565 46762
55069 28598
5465 27586
2418 35569
23325 52270
6887 40
28639 60399
34376 59559
11639 12668
10458 6274
10706 54999
42598 44106
54879 52286
485 38545
23512 41764
28489 41096
53047 51997
12251 38317
40911 5495
21395 43514
28534 6959
6358 17034
13510 7149
3356 29200
12858 40374
21473 23866
15428 25604
33862 44592
5422 9225
15090 25458
15043 31397
62594 8481
4264 46043
32268 17682
37737 36481
6178 3758
44801 52645
62391 49391
16649 55973
24940 33170
54584 1883
31909 30157
35430 45905
39647 7059
36049 23405
61096 26034
2989 8969
24260 27124
1262 17391
24792 19301
40239 12280
50694 6163
42672 12313
17163 28215
42850 53104
21547 31825
27864 50686
56438 10756
20008 28635
50872 2364
6303 50809
53674 385
57147 1719
20913 6381
48086 28520
45493 25786
30713 58624
42860 38584
26696 38950
50840 6620
34915 14780
29600 11526
49745 30264
63729 9276
48458 56528
44461 63366
1731 57420
53997 30620
57313 14877
17971 9616
54786 23917
40043 13743
57461 23251
48602 50883
35417 39534
41600 31711
1633 63231
7520 48631
15274 50100
40458 63323
10075 62319
47334 56926
13881 19225
13235 846
13286 31680
30858 62182
29405 22063
36116 17782
42776 51891
55840 18918
13383 59055
13610 16602
17809 42694
27727 53501
45497 37680
55293 12506
52159 20745
8417 3903
4301 50208
28561 45176
862 13362
60995 23444
13993 51448
15383 2512
38954 12282
38495 8551
3141 24497
9045 60397
32233 31403
20647 26495
39459 58489
2907 10438
4006 12536
54627 15155
32536 18352
23147 35717
33836 27157
31803 34760
20594 22551
41514 54545
36293 6157
20491 47639
17239 840
24077 209
59708 21590
30702 57971
58211 60010
51973 12725
16913 32426
42889 35543
133 57643
2165 30579
8 54297
44706 7489
31258 47860
4182 62489
27090 49251
11749 62042
38223 63073
8874 51149
53026 47495
24309 8292
4799 63727
5163 32977
52176 53155
8124 35926
34639 56065
52788 17872
45172 54020
59124 6989
62030 57858
3059 36954
5645 7295
8190 3618
18639 40178
59612 38323
30985 57346
17893 19811
8268 37127
3147 14805
9094 25452
35252 13163
41602 39600
24184 43704
61127 27561
20479 60620
34958 57030
27819 46545
32249 44028
55737 42229
9036 27141
34461 36840
14383 41381
13876 4893
39667 21692
12598 23815
44961 6055
3198 54114
24569 44235
39530 20184
5668 18151
52196 29743
34088 59860
22129 25877
41202 45184
58311 53735
29958 944
1594 51811
26018 31834
678 29897
40040 4907
18188 55622
63075 29696
32881 15637
21084 51954
47993 45422
30594 47024
7692 57715
49467 26831
11667 31559
32801 2495
33834 3991
7954 12573
47182 18346
26684 38938
16725 59178
48436 48256
22588 35829
32733 45108
39225 36592
38696 54741
16749 19530
33700 49418
46393 57897
41143 56428
40100 50196
9344 13694
50229 12860
31569 59014
19397 57551
43180 50930
22434 19100
9903 31223
46471 12049
53233 43030
51151 25838
54952 54579
58965 28614
42784 2565
57717 33647
3161 1137
41100 62401
39126 26520
33417 34200
31352 19249
40413 28542
40301 34042
28231 54020
31485 35295
508 25891
33870 56194
19581 46237
17399 63456
49819 24784
23643 53700
45090 14327
27569 43442
30342 42782
442 30704
23321 47872
35850 38260
58397 40420
48846 60508
30534 14299
62231 23954
5372 48963
13942 31333
9438 58645
35583 39352
10479 18151
8073 8057
61930 55293
48413 55827
41497 23950
29592 57981
45860 59731
43608 15038
39524 4301
37610 52565
11768 32295
21186 34684
7735 46877
34745 21182
7641 49924
61051 14254
44118 12823
29872 32872
19663 45909
33741 48774
62235 32512
8874 54086
48959 37641
23172 50561
31967 17292
41391 38446
4354 10368
53399 50971
36266 43241
11577 56477
51116 32932
15352 30147
15907 6911
60834 17377
7708 29530
49600 42772
34229 25079
14581 6754
30538 39461
41092 63819
37895 42502
32987 24383
26711 4877
17915 2299
9641 55663
53733 17952
34780 46528
46030 11012
1018 56520
10760 20807
37485 11516
4036 4301
45151 16258
61012 9719
38520 21049
5915 47792
13483 37042
51192 58616
19266 34180
63782 20151
56528 31754
16512 20338
31559 27571
14631 18838
28624 19764
47444 16397
42420 23227
31094 37848
8672 14663
36463 6713
42825 28264
52184 5465
60899 16018
8805 39374
36438 14639
54045 54012
3602 41124
13211 28374
36372 2922
8706 61606
17895 4752
20684 19381
5934 58024
42827 1895
48465 22899
23233 47475
63377 4965
28450 13823
44319 52542
12622 34893
54649 16614
13754 63370
15532 19379
31126 48793
30143 25440
21799 29301
34004 49590
38278 22995
25448 7264
49274 20930
50202 37579
41616 31735
42098 49014
9258 31852
37911 21723
43440 27407
36321 8461
1956 17702
18993 24133
59553 2329
43793 45983
17458 13909
32124 58391
18020 62471
56383 44309
30489 37434
45553 49309
49911 29229
34907 28268
39155 28534
5850 48670
20055 41153
57876 48542
47694 24499
22655 42993
25790 43713
30245 41413
57229 53413
49424 57262
7708 23043
40163 48514
514 3893
20192 42700
8415 23690
19729 28586
4686 46854
58307 60495
55266 14362
53735 29213
22018 9243
53190 57567
51133 49686
56418 14586
44659 3795
13081 2315
57141 23950
32208 53243
7397 10792
41792 60360
7422 40856
24485 33831
18401 11797
3454 42301
7868 55272
8323 60838
21973 35417
27270 43467
2879 2977
47237 58364
45295 51045
60260 35657
26112 34420
9942 53854
5186 30614
4020 10901
11231 20458
63096 53856
34846 50348
51461 37204
58659 58114
20057 23774
50608 48506
7567 34299
6327 56325
41622 35604
30684 7143
26139 37397
32422 1692
784 7704
45928 45844
10553 52930
50141 8231
7485 60528
42567 43489
46502 18311
6436 23122
45362 16379
16967 3997
10752 57678
60772 20459
495 27168
6374 14075
19885 9645
3866 42999
18157 26155
23668 48965
55059 19057
28444 27911
35573 51700
112 10208
42749 16729
35995 56534
26659 35016
56100 59372
7499 7208
39510 4116
62778 11915
11911 31823
40674 12512
62239 61573
61485 54567
58456 42463
21213 55893
44442 17231
55284 51235
28026 43485
48372 57571
14133 50583
20372 38042
17051 62116
50477 26501
9838 30032
33393 58704
56840 30376
41674 36106
11340 2651
52186 295
48334 38823
2684 48045
6428 19924
24536 44991
24858 54307
25543 31944
1647 3501
4918 9815
38870 61711
18360 61165
41057 34940
23262 6393
56711 53713
58061 538
40967 45469
25686 52704
53354 60528
47147 2124
16700 57729
15252 44829
51155 27659
18436 16959
61334 19524
8725 24696
38602 53645
63819 50809
12458 61573
1309 39842
25069 27825
15004 11913
22915 27258
3403 43149
39559 12063
28272 46737
51555 2376
21358 24604
9461 22522
25223 19725
1993 52887
46211 55045
31293 43401
37528 57045
61342 2667
50452 49911
9461 16690
47676 42346
22981 19252
56762 20993
6999 63911
29731 48497
25292 23600
22770 48182
28325 43885
62073 41350
18417 35825
53797 35221
1993 46463
155 7481
7002 48956
47614 17459
27434 30293
53249 57942
44961 6690
51184 61592
53719 12559
25196 60010
46204 13137
49413 13417
14295 42729
35161 12946
51403 6569
17909 53584
33745 24317
30374 15725
54741 49174
47719 13346
2536 24624
10893 18813
30655 16801
30090 10307
55766 48489
6338 63889
32590 32719
53209 36170
35915 44040
60655 51618
43751 45356
38965 32493
51598 12446
32858 61389
27850 22055
27688 6432
20313 29661
45782 7067
51856 54825
22901 58497
51186 52186
46831 36741
32747 58084
36081 2301
3735 18801
16731 12481
4256 18422
11389 48305
14600 56333
58278 54081
7629 28336
14440 55573
8311 21393
45086 34813
54364 39991
45042 39522
48030 42133
46344 13174
32971 42963
49946 15668
54297 11997
55557 639
7715 25997
7602 11381
43795 19463
47303 25409
13374 42749
20901 53631
56077 49801
41979 44161
49975 61536
33932 4741
24338 46819
50551 21799
21559 47092
4731 14133
38155 14614
27309 51206
2926 18319
22026 50083
38231 31323
22610 985
2379 18028
45991 47467
31161 46872
23631 35221
52485 58692
40995 31514
56165 40723
59124 21227
52809 44206
52356 25553
31850 27633
56157 1288
4684 51622
35083 62766
58956 39395
24868 417
61948 12907
10631 45936
27104 18586
59215 2104
13690 12698
39651 31198
61551 8333
25735 28065
55018 50038
10743 39788
17930 62042
28272 1995
29788 32137
13194 37792
9016 1163
48747 37313
25370 124
13743 19901
43459 44934
43905 60915
15389 10784
53325 5155
56545 8131
50053 52924
22481 58321
3813 8698
12946 10823
39825 6438
33034 36102
36782 53520
17458 12114
42922 55286
47948 58409
12251 30219
49770 23895
18868 1766
13379 54186
27434 44745
27196 44604
57752 36411
15495 40793
13489 38141
3438 32961
12991 25725
35217 53751
44268 22309
55329 49729
38065 55940
30975 52501
13075 35752
49583 55456
43280 56766
29458 58139
21403 11323
57549 4235
56506 41137
32360 11186
7692 3977
9958 41440
15940 965
59135 53317
24077 10518
63674 37495
18846 34891
5749 17129
9139 21358
16446 57600
2309 4026
23417 43877
16653 48252
9651 39506
7983 59713
9368 25235
4344 65
23051 23247
6844 59270
1588 45036
14626 46508
17543 36895
51938 45743
5567 29032
43362 61895
21907 22313
55131 63651
21059 10633
44608 4893
35549 56905
19858 14745
12821 52672
7368 18266
3266 39362
25877 1747
17368 17139
40340 56637
53983 55413
30014 8108
1727 14940
16667 2225
43510 15579
58915 1756
50178 63645
58686 12600
1290 36915
25801 14844
47012 41237
6684 12438
9145 32772
3208 7504
7276 63866
47639 57264
24038 46536
55743 27594
31524 7592
7975 33204
28805 49379
16834 26446
12573 30143
62313 36737
62920 34020
41483 34620
54239 44659
42217 26442
5241 20461
15008 57655
2106 1446
32948 26751
4756 37745
57797 11811
6256 17719
18211 51696
23336 17702
14061 19833
4038 35364
44907 4661
26487 48706
36579 42682
42799 30676
11885 2135
54096 29413
27452 63305
34655 8116
42684 33454
43184 2526
46850 54370
31219 34057
34293 44555
42653 16530
25766 50024
58370 54542
45893 61733
52038 27454
62758 1639
22991 9020
55612 35377
60260 32614
24711 57565
11721 48108
45274 43733
28368 52364
51575 50877
21711 23340
29145 24645
8299 23848
45122 51129
19370 40909
26692 59311
13620 54751
61694 60100
7108 31424
43321 56028
26278 13045
8956 3543
34100 63661
59137 49948
11358 52741
54639 18944
23030 58303
25690 30823
3825 27641
19299 15260
52829 53704
62725 2754
11278 33083
57057 40674
9450 63627
22930 19948
52698 27694
360 50352
12592 39004
24696 6459
13198 7145
56719 34180
18469 61678
32846 63948
18774 25891
41471 56524
6549 2157
23415 51422
51059 2928
26520 15973
46311 49360
28366 36995
18065 15543
37092 21098
51989 376
60370 21626
24934 57057
12483 38194
57327 62204
45540 22881
12698 26584
30809 27030
50325 29504
20180 6676
45014 14778
29754 52604
7991 38360
15547 51028
26928 53579
47329 52893
3092 16008
14584 37807
7616 33963
22606 30594
62901 2610
44690 24481
43137 47706
52485 28889
35952 981
22448 15874
3184 1114
16432 19178
42784 58358
54395 31909
25833 36782
41237 20844
38694 4137
41760 23360
20290 35348
13758 4993
24489 59633
61219 19606
9643 53239
61670 30209
9229 15821
49637 60374
33622 32418
18227 34303
44989 51090
8834 39495
59327 62139
46993 50061
13596 52997
26319 36647
28001 40696
58610 12997
61385 4006
48047 49118
37762 17168
31538 57100
17954 23256
43172 19538
22370 61178
20807 18588
38903 290
48786 31645
13958 44635
46766 3653
40592 36819
30684 34028
29795 39491
55836 36215
38889 32467
8100 51874
31040 51479
17260 1670
47920 14524
58471 54723
17475 49877
27846 14643
50821 59694
10170 56221
2270 37254
40729 58731
42479 63840
39274 61858
58725 31215
50108 50260
16295 63747
58297 56733
55024 22153
28006 6032
22928 22860
8958 33292
36987 35001
61018 59079
45042 41034
34911 59081
42811 38981
47053 2403
8055 28295
22512 501
53831 25356
40096 24737
54903 58583
45561 54557
17262 61176
26952 14292
60772 59493
50053 40598
4952 63032
31991 54502
51860 54045
58928 12083
60131 58799
37911 63778
56118 58418
821 12315
52165 41397
42473 51260
26008 19706
58813 62204
51299 54534
59264 28561
25251 49663
3182 60006
7415 62454
62440 25524
39575 58463
4145 41086
12772 51692
3473 17967
51461 4444
44624 29657
60770 44823
27911 23434
58907 55852
44977 58532
4682 26209
60120 44948
38161 24602
59762 36874
36424 35752
36034 54754
42481 56022
34483 41954
21286 46645
15913 18079
52885 14604
18338 10889
56694 11118
49081 20872
28897 61754
971 48401
14961 10186
46688 53561
31297 57543
13217 6561
54026 59413
46448 26801
32877 26456
43866 542
48215 18643
37401 19221
57184 23135
28391 4372
50985 53764
48657 53180
5274 38151
37719 62672
61678 50452
54139 38510
2458 7723
26971 30426
56268 27918
13352 12274
49059 55497
40211 56711
26108 16670
48110 34506
63157 6274
39200 20459
24690 40249
51307 59969
59334 27772
60143 30204
30383 8987
7649 41907
15440 32376
58444 3829
9196 37754
2418 11782
3325 14881
17444 56321
49512 35711
46213 7040
7598 46249
1190 31516
56854 40055
35706 38850
8379 51354
23167 33856
32624 13778
42387 35858
8042 10735
51055 40129
40858 3403
33317 19936
1971 10344
19487 63229
54975 16749
47879 1936
21307 11299
42782 35899
4526 4668
62524 45430
55702 43631
59708 54485
21946 10809
55526 50473
48057 56036
62231 22684
57301 41350
15723 25344
25293 61620
12258 39295
13042 38768
23284 14299
45081 3659
22395 57969
14751 23573
18436 1319
22598 45338
32692 34954
49895 20063
26237 45864
13286 3510
7391 52858
62571 22083
5307 10618
55590 38442
11684 36381
56260 62754
24594 33243
21713 39559
40456 20083
12577 4251
110 14127
52368 11208
47038 8122
10018 7528
15692 40137
39524 50395
43958 2004
30713 18079
11741 16364
13157 44543
19682 4344
31176 59692
57987 41874
24004 49237
55383 62604
21051 56190
58221 57463
34307 1977
1670 32846
21864 13184
39063 45403
8567 51924
59352 23487
33780 47829
62696 13192
12292 33661
24178 47043
10338 10565
19629 17303
62749 4926
11600 31887
33219 42872
5440 34936
51711 56377
37510 1987
46979 23018
1522 3772
60211 33333
54997 40663
49811 11815
11846 29711
41290 1528
63092 38340
36292 34356
15698 58637
22745 48862
31528 56295
12127 29782
56436 36157
61877 63145
25479 26403
16909 33014
18241 43352
16256 61854
18313 2891
26860 12520
50860 24534
26450 49879
32346 6092
57584 4053
42362 2989
46788 45276
31588 34186
18825 28403
59885 16733
24106 17014
14497 50954
25202 49157
30393 30252
20499 54721
50723 13534
10969 34430
5411 14266
24069 2450
5862 4159
56764 58637
49793 1467
23676 28407
42204 17918
20358 60223
10458 54274
27690 18717
39489 46501
7403 23428
61147 16584
26733 35172
47649 9948
18186 8030
39172 9518
28442 44971
43559 48401
50376 27094
6163 7180
36206 10485
15795 21854
17772 28723
48825 28391
35926 18993
57376 9903
61061 45817
23676 48454
54758 4438
18512 19493
34559 1803
13813 14901
35868 21182
63364 52676
24967 4407
25645 31237
41174 45747
18788 22350
46116 39391
13659 4690
14114 10571
11079 28016
61723 24303
41155 37975
62370 5754
22735 31530
16135 30233
1006 29022
44641 8813
33198 20844
1084 31563
48411 14747
61379 38426
39598 21766
46434 15708
17631 42786
57547 28188
21520 21704
46934 4874
62751 19252
9366 60354
41741 61417
16959 53807
26426 44491
55061 63600
34979 46766
33276 31543
32631 20819
57616 62758
52651 48463
57776 19157
63415 4282
7526 20579
3622 1823
24241 43510
55639 20399
49543 39475
42948 22512
61081 43006
5743 47918
5422 27278
8631 58297
18086 1334
18481 42565
56682 42975
18370 28799
25188 57227
43680 792
27346 42475
50307 5235
35192 14202
4991 63522
18698 48348
43782 46178
14543 42317
626 19913
28024 39579
8077 9303
14065 11920
127 3094
23374 9313
11172 43133
55715 19399
61100 9922
26303 62616
48495 30797
27334 56928
41975 36731
10626 42211
47661 33772
33397 42223
26751 63083
1161 26239
9237 7637
49756 16286
53745 11512
52489 34006
27485 5825
34405 61161
44348 3284
43696 27731
63108 39370
46213 1678
59768 14137
57126 18295
44010 40653
51686 43209
53788 18040
61131 18995
38036 59163
59709 41415
17504 42932
48825 39290
49727 49235
8307 27993
4092 10487
56819 54557
17071 17811
43377 8432
33540 63848
63995 15834
8249 20180
37459 55758
5409 39391
26233 27577
42391 3737
12471 60290
3581 2461
47176 53397
46319 11721
58463 31381
33006 55139
44971 45829
11301 42983
4372 55174
20461 55975
3028 52067
29801 15715
56764 36356
15286 19747
36760 39719
20229 27219
38586 55897
14141 45211
20340 18561
35686 13645
43926 809
49764 26850
53450 10280
4725 25743
12745 1893
31706 46624
40024 58223
56088 32616
17645 15487
43090 37715
43012 21161
19467 21471
46604 21221
5362 290
7116 47020
22249 9364
49739 3764
55034 1231
1549 62643
6260 30950
58043 38569
32444 21907
22780 7542
20532 38243
54149 33635
2495 37909
61284 43633
10032 32350
43069 23247
15411 10805
48299 37004
60428 43237
2948 53727
3491 47889
2567 39657
10833 21465
35813 45190
5848 25934
57088 43252
34553 25954
14327 13286
17170 22934
45874 28870
11842 3715
4530 10958
36463 21868
58686 56751
62647 57624
56602 46184
59803 38434
43801 12051
63362 50147
3602 39737
17090 32811
58752 30592
3575 15108
36219 14922
36790 53403
17077 4606
30819 33428
5534 7336
14690 36588
19075 24493
55327 20885
13749 14620
22647 30477
50549 28563
2768 3854
52956 50196
21342 10651
9565 4793
11018 51065
35879 45028
29024 55922
61192 40577
58887 53346
26624 45372
42260 52075
40260 28463
50889 55379
31432 2518
28692 11626
14106 51926
37977 51448
53422 50549
55778 49561
21325 43094
62305 13186
27350 56088
43545 15102
10516 56514
9967 21329
18352 40043
37350 59438
43042 6901
47756 53465
44700 63362
40610 27489
55770 22874
43909 3786
36547 24786
47565 41653
15827 8725
20858 62829
58678 10588
20028 37551
19344 14157
39981 49237
29262 44338
129 43784
14215 4036
30350 61504
22602 4639
39073 53678
42838 52143
9485 17727
3879 30885
5877 1034
44870 62922
56098 3352
19913 9012
44139 31881
51975 45235
34850 18928
13903 57239
12770 48225
6577 42104
33092 23854
32180 27831
22752 59799
36604 36465
37627 20133
54963 8834
21889 63813
34249 24920
3450 48118
27100 33842
27555 28700
10704 3485
58497 30262
24819 23733
47444 45872
10922 57340
12407 38874
46487 24422
8321 9467
36370 42577
25258 27862
3348 36618
12768 40100
39762 11954
4331 52483
38286 13567
27944 52616
55829 40641
32842 17100
20559 26801
30323 3829
20053 27977
38711 38924
8565 23899
30450 52286
43428 51211
47299 19772
16581 10219
41690 54006
55206 55254
58165 25807
45518 14667
56981 58241
29645 30438
57809 3299
57668 31432
33579 11209
28760 38252
40432 46364
23461 1743
13811 11868
61079 21102
36674 723
40206 27624
61825 31639
12377 36061
22376 3452
10842 49627
16336 58182
32452 16610
27319 38719
34696 12604
19383 23122
33846 22397
59987 45551
38225 7442
29077 25821
30616 16987
40301 1577
53772 4813
44342 21110
37075 5604
60381 46774
58307 12934
17680 59049
38543 20889
13295 7219
12188 19307
31911 52676
34104 20647
61801 46848
33903 36477
36918 33754
23338 17596
27104 15190
6825 59774
42418 524
1092 57120
1608 51133
25958 1071
62688 61452
24219 43012
9657 10661
20690 46524
5329 42981
30331 51237
60293 22612
25540 30334
16010 33280
48542 43667
16006 60424
10913 491
63223 5995
34229 5842
45475 1889
41842 56520
43030 60001
31776 60713
60329 48901
60749 35237
19811 59145
25325 46401
55889 35202
62184 4499
27020 16004
53524 29932
11926 54137
19581 28948
3928 3631
12280 29004
57403 38403
12008 39768
60377 43303
41508 29727
3229 19799
38913 434
45532 32280
23881 44372
35008 44977
34881 48454
20622 31538
51581 17127
5790 3188
20377 37129
35706 17542
5043 25844
16817 6032
4501 13299
42403 57971
35715 11788
46284 39217
23729 31096
6659 15491
32801 61387
34073 38299
60680 5682
29489 59491
58010 23985
38514 4436
34850 55018
27727 1833
20315 1592
17137 32137
57366 49598
62778 16612
62692 46627
63411 57012
53743 34208
37368 55893
60876 27678
11502 27526
34626 49672
40292 9471
26110 47243
9026 52743
54543 58600
59165 32620
3893 3485
9786 14077
50653 39149
21174 17834
44737 23983
42536 49045
9502 54756
33827 2590
54907 43481
39723 51018
13766 43905
57700 41088
39174 61631
58245 40965
41004 33860
35190 52006
31575 56756
60184 3209
26409 10436
27264 26249
34147 3588
21579 17172
61555 19725
38211 18696
27686 59028
49155 45131
25149 53866
40389 51954
54502 19887
57090 15963
53784 40782
6975 60106
53155 36641
27754 12895
60680 1942
16719 465
21215 23178
24459 53256
30446 58096
46692 5317
58016 2557
20219 36229
1819 27038
29030 61674
31389 44745
54489 50598
58422 21350
43694 51028
20432 52372
13918 18495
7512 62153
7213 21092
62245 34487
61104 19157
26721 52856
9440 49563
34690 36299
47340 12670
38825 48909
18293 19860
59133 44936
21360 51727
54473 55549
40514 12877
15202 63184
42098 21366
10952 57553
34415 34739
23528 31247
63432 58729
2930 24989
22626 40545
40504 44493
18936 52813
9211 22959
20850 62122
37030 35200
42626 16209
11477 41362
38610 55768
57262 6313
57715 48868
57047 56627
23999 46016
29364 49196
13366 21836
9620 5479
8424 53372
32258 17368
1430 5016
12028 54676
3376 62065
58377 8266
61208 30905
60987 14774
33155 27807
40409 52993
56194 26362
37846 9858
47633 53532
14047 38065
6827 40336
3334 35309
35006 29151
32749 51159
47245 63639
52319 3543
14540 15305
26473 62872
6028 16674
48545 21770
37317 27106
52440 32458
18952 33206
7393 5733
2995 49895
41877 53590
61737 16090
38624 37467
60543 30995
2770 28104
2803 1042
41133 59045
57014 39446
38612 19751
48008 48377
45702 54334
18272 17770
55151 7942
41413 46758
53735 14733
61751 21717
51149 1506
54020 4956
12032 8934
61209 52010
33122 436
20524 63584
51518 36667
23473 54100
2090 61635
24071 34870
30001 50450
25190 21915
12340 20678
13001 6381
42922 17344
29577 13606
46161 21545
37594 24792
46108 20696
31172 15307
24598 62387
46833 11627
62518 17889
16584 36876
18208 29264
13139 39014
12989 22104
61241 55643
17805 25903
1133 5430
2999 4051
50143 170
33209 39446
52383 55458
41399 25735
46606 29997
7999 30194
14147 15526
23180 30202
29022 23381
62260 61368
16131 21668
40217 55278
19600 1069
39340 20850
59237 35270
60010 39336
29120 14022
20590 22938
60311 38815
60450 51040
9682 7186
16118 18090
32893 15643
44555 47084
7458 43229
47545 18682
19973 33692
63227 53958
3438 54299
46745 44754
34731 49254
54006 5688
18182 17768
18600 45758
9295 6721
7807 5590
32575 43985
19754 54311
7491 42336
15684 52022
44565 56026
17356 59942
61583 23946
3571 60127
5926 21444
11813 50850
17036 26747
51032 51586
23001 32018
39538 31641
25260 17038
14022 376
53452 39502
55706 17088
20360 23967
51620 38502
59012 15381
16995 1881
35883 31288
8792 61770
38237 22614
36344 34370
17577 37104
23137 15518
3247 7381
33700 10319
28129 25620
51635 28376
28489 14850
34766 18659
11926 42893
45403 10008
51475 60907
29754 23233
15799 56579
4436 56874
1542 43917
32133 32549
33774 47688
40364 1967
592 16469
17381 53530
51823 14331
63200 28577
59854 49135
61735 21258
36610 15473
52086 44022
40622 6209
40932 24735
60251 62674
14053 53418
7012 1461
40979 60624
49049 51854
14762 61418
10709 61889
8881 19004
52260 55030
25258 13961
11723 23469
51407 29116
6833 12067
32713 36030
63127 42899
37829 13118
22157 38438
31190 5391
55821 61360
42678 47827
32825 4967
20379 62354
47270 12252
28497 62479
35368 53573
12358 7518
22266 4959
48581 24471
13016 1036
46331 19516
45663 36586
9735 37118
60444 62729
19391 4776
39139 63719
19026 29393
4522 16381
37262 11262
13948 50167
34522 61688
57065 5823
5047 42227
55653 54715
36051 31557
3583 40737
57989 37965
60897 38879
11954 59469
32 48403
40206 25557
58141 34649
17819 18555
33563 29459
15454 52624
24411 32241
51254 366
31274 61639
17872 33075
30059 35846
62618 52606
40954 23530
2729 16860
7506 31387
37776 20905
35842 62323
61178 51717
39995 58258
24858 6551
47370 13559
3006 20924
18333 1084
40993 32245
49917 12877
35381 33045
9655 61463
51075 3854
45551 59776
41604 19688
58161 53721
18504 32163
28797 5348
19858 13245
57874 20659
27934 26612
23366 28040
17963 16649
17387 57309
32034 33061
62915 61401
12118 41124
12612 46674
54221 35536
51799 29833
49655 55930
19532 11487
15432 53973
17819 60334
15792 42120
10952 57958
16850 25973
52969 30262
48374 22280
61243 39522
54672 48549
6190 51067
631 2292
11102 28588
62854 19885
16116 32059
63934 17073
36292 60299
27856 25073
27829 52145
54524 24329
8397 44266
47399 57868
21604 3584
52282 30305
15575 36333
13208 38444
57665 43737
23469 63538
59297 38317
5768 63137
8924 62817
27485 60600
15112 29762
57075 54196
5749 23637
47602 47854
49385 39692
49377 25534
56694 21366
21735 43206
20051 2352
5934 4479
61260 63268
9178 61842
37370 36967
5762 57524
22649 16463
45354 33995
8665 63489
42385 36075
12501 43672
4575 18684
23086 34344
18584 2202
15657 54965
46784 9467
40348 14188

