0.0
0.0
0.0
0.0
0.0
0.0
0.0
0.0
0.0
0.0
0.0
0.0
0.0
0.0
0.0
0.0
0.0
0.0
0.0
0.0
0.0
0.0
0.0
0.0
0.0
0.0
0.0
0.0
0.0
0.0
0.0
0.0
0.000335
0.000562
0.000941
0.001575
0.002637
0.004410
0.007368
0.012284
0.020413
0.033737
0.055268
0.089270
0.141068
0.215798
0.315573
0.435840
0.564160
0.684427
0.784202
0.858932
0.910730
0.944732
0.966263
0.979587
0.987716
0.992632
0.995590
0.997363
0.998425
0.999059
0.999438
0.999665
1.0
1.0
1.0
1.0
1.0
1.0
1.0
1.0
1.0
1.0
1.0
1.0
1.0
1.0
1.0
1.0
1.0
1.0
1.0
1.0
1.0
1.0
1.0
1.0
1.0
1.0
1.0
1.0
1.0
1.0
1.0
1.0
