0.0
0.0
0.0
0.0
0.0
0.0
0.0
0.0
0.0
0.0
0.0
0.0
0.0
0.0
0.0
0.0
0.0
0.0
0.0
0.0
0.0
0.0
0.0
0.0
0.0
0.0
0.0
0.0
0.0
0.0
0.0
0.0
0.000002
0.000008
0.000040
0.000170
0.000644
0.002187
0.006645
0.018063
0.043937
0.095634
0.186270
0.324652
0.506336
0.706648
0.882497
0.986207
0.986207
0.882497
0.706648
0.506336
0.324652
0.186270
0.095634
0.043937
0.018063
0.006645
0.002187
0.000644
0.000170
0.000040
0.000008
0.000002
0.0
0.0
0.0
0.0
0.0
0.0
0.0
0.0
0.0
0.0
0.0
0.0
0.0
0.0
0.0
0.0
0.0
0.0
0.0
0.0
0.0
0.0
0.0
0.0
0.0
0.0
0.0
0.0
0.0
0.0
0.0
0.0
