8000
37395 43436
40979 39555
15202 27522
25159 37057
17495 21805
5317 49100
13338 60424
24973 54487
3239 29477
62465 60645
31909 44020
15514 42692
34172 44684
53958 1112
15985 3911
2569 8057
16588 51827
32026 16278
33776 55731
39995 4684
62295 11215
340 42518
43372 10905
6469 14163
3356 60827
46776 58563
51497 46401
30243 57297
2842 54053
36143 57241
24256 6467
25883 25879
21581 33448
14956 57233
61889 24403
7030 2418
60907 40477
48167 26823
5518 32284
23145 43909
29420 29276
63930 39645
11897 14735
40256 5563
1719 12391
26340 22434
48165 46665
21713 44577
37165 54532
52190 54782
34588 51020
16940 11870
6626 50323
23715 4872
59325 44543
2174 35834
3227 54055
41350 37249
25157 39508
49229 58100
57102 9430
52471 8553
8254 49483
54235 49260
50143 31315
151 55280
48918 7071
50395 8643
22749 23491
43909 5524
14334 41667
16731 4051
40575 40401
20458 46733
45321 29206
14834 59514
5288 48909
458 25456
51073 13907
13618 19038
49309 50032
21260 3090
43928 30036
42067 26352
42571 48711
19668 19641
34100 27639
29983 20667
3258 63547
28674 25459
60436 30309
40741 40418
4571 48557
62221 45001
37170 12924
34 55018
25461 46917
7942 60573
56663 11401
8627 28604
1389 721
39917 81
60165 16446
23106 23792
11077 48729
15424 20786
28551 35307
56624 25422
23251 32112
31684 1049
53088 1516
3655 60313
35395 204
30614 32083
30170 44651
48749 37010
28502 52254
51575 53702
4075 32071
59268 9534
57827 27180
44126 42071
5713 46680
10151 33131
31622 1305
8768 45459
27379 8668
32653 60030
9909 58126
17700 3983
5499 41268
23102 3176
63208 34045
51565 57364
3381 44497
27645 32002
11303 8133
36204 60676
17967 12915
58999 12159
1983 63876
15395 36090
50586 9366
49202 9278
9797 26918
11624 24631
57692 50741
2360 715
46799 10827
22811 41928
37626 33711
27407 11307
61303 42825
27077 9959
61362 20495
58836 33112
36631 49553
59489 48801
55256 52592
33469 49168
33860 10817
40805 40389
39799 4549
11196 33237
50577 25334
62231 252
56360 53696
47723 53559
15626 32489
38170 41280
37944 37903
11336 32602
47862 22075
6967 57454
7938 5333
47629 58807
18891 28055
55665 23614
30866 36180
28278 34348
19834 34303
60751 15198
43126 40436
31770 2866
4067 48360
12903 11997
11758 43627
168 5237
13971 23174
29754 61905
37178 569
43856 39309
31690 10868
56627 36665
15938 33118
50280 59659
29872 36467
23288 3622
15475 3917
4717 17336
30422 11672
8700 61471
16852 26149
63008 3626
43258 8586
29774 24016
49522 53288
56317 49778
13053 61489
30114 39901
14067 20846
27876 30778
29983 8561
4766 36383
24952 28120
9737 57083
36491 13659
4981 35061
57274 47954
63526 10377
54020 40045
22946 59643
49518 60473
9188 15327
33776 4151
12543 19684
14295 34848
57733 55317
35467 33319
46110 18342
29102 15034
44001 12211
30069 59555
31168 60127
43071 53526
11393 2104
30551 29284
11190 54649
11711 57110
36637 47063
38655 25090
26342 52372
39670 56610
62528 42883
63622 43473
46239 8360
19475 4639
58680 22833
20950 4596
38684 34028
46288 61350
62282 13413
23151 58040
46432 48893
8651 24182
34840 58098
38491 32542
15930 48325
19241 13616
46930 25086
5741 13760
18073 27293
21618 46922
22948 31057
20936 2016
28950 8122
44973 35909
5866 8915
20116 58043
38592 44231
18881 16672
45965 19538
46075 40739
39729 7899
44053 35350
33610 27536
11124 24915
24538 58002
31075 9868
51977 36993
43821 55049
53387 59768
51172 15690
33813 11217
11741 3032
11590 4526
54952 35569
2188 24495
12209 41915
14161 21459
47153 5297
63243 5842
39065 7670
50553 45348
13395 27459
22936 34749
41403 16928
21418 36329
46934 49174
35797 36930
54323 36737
39352 47637
35409 27852
45678 32079
17688 6307
33647 13360
59586 8942
2499 37616
50864 62762
3042 24188
32124 51680
22999 12436
31477 38891
20465 3161
48305 2848
47493 32663
14161 24897
53797 61420
40797 14508
16608 59397
17307 10147
50612 61963
18405 13766
56049 2461
9815 12922
30924 55381
56809 44518
29338 16161
33842 58168
59950 51624
41331 9196
58567 3026
15551 3243
36848 23739
57667 26520
29149 53559
31866 43670
3473 15627
22651 61256
62567 29993
9217 42887
13124 33790
26999 41954
37124 22038
6293 53997
7295 43079
46057 18700
12694 10627
56790 49510
20426 2450
42561 40876
23473 19674
20161 11112
8655 4711
13372 10897
6723 51817
16368 59391
6561 8268
44237 25973
59530 170
36629 47608
35920 56883
52534 55848
63547 48077
10174 27434
22454 27415
50030 44555
21752 20854
6987 50704
40581 57575
29616 52172
19190 57545
561 11168
54159 53682
52071 52561
63725 42672
22645 38241
49249 6397
20807 27122
62797 37985
6001 34749
46854 26491
40618 34545
159 50204
19143 22684
59668 36579
16428 567
56639 30784
61094 16954
56838 14885
28049 59700
34885 43651
56139 3126
704 22981
8922 41006
8114 24959
48567 19186
19545 17538
8874 17831
16864 30838
21424 21284
12344 22083
16858 1563
29743 13145
43268 45479
29524 18741
47719 59377
40180 19215
38909 25499
21704 7993
44928 23987
43172 47610
16170 34485
44452 44415
47342 11395
20040 7862
44629 54739
23026 56442
43952 18647
59174 40239
50374 43481
37133 26106
28626 9575
36780 43477
2749 38594
37674 16792
62872 40545
9643 10545
45106 48376
19495 48983
26575 42223
39860 20387
57553 45284
10139 16020
16754 25303
27602 13672
59713 63696
2590 23842
50317 6278
63860 56543
45458 17647
24036 2737
30797 37170
23198 4377
17670 6594
20598 63100
43112 19297
60493 37522
30995 21153
6102 59174
16315 5016
27700 21055
50581 8852
26819 24805
34338 27471
50590 56526
10831 43891
6208 9190
14752 34342
25508 49713
10163 24876
45680 16627
35504 53606
20114 22377
1751 52579
29340 50266
29678 15270
42141 15997
4272 15690
4737 3858
239 61137
8143 35530
667 48559
59616 41508
50786 62547
40247 33165
36879 4952
14667 57420
40299 10129
2891 60061
8616 59799
20274 7653
13893 59547
7594 10108
32086 6942
9270 25860
1565 41264
29690 43668
54760 4889
53680 3053
16944 34270
45084 27338
50116 18561
25477 39342
42 19852
47001 37682
28389 5045
33325 39694
24006 23336
6735 8997
55321 11340
35338 53667
61862 39833
34403 61051
22911 56112
35823 15180
17272 63995
35694 34844
4170 51434
34032 34252
19280 31762
16610 28350
39866 20553
44915 24749
21063 58118
12231 12272
61270 35622
63862 12141
46678 10829
23454 61784
12915 3461
39465 33254
61819 20204
25747 52292
47340 3307
46256 12006
44561 4842
49895 35176
23844 24557
17465 59178
110 5377
14758 13543
39231 520
61766 44143
47559 46237
16016 13979
6567 10176
20030 38629
2629 37385
46915 6292
9920 7915
54071 32467
56430 36075
47026 55268
27120 41290
27399 9340
54196 36600
22987 422
44504 60770
45971 62528
62053 56042
49258 7745
51667 25489
46938 38668
45752 4020
20870 9452
44208 48991
35397 53495
5434 40446
54174 15737
34491 8989
9137 23594
54368 13268
63588 18518
6381 29106
19399 6159
57706 24225
50354 63192
6008 40631
47612 2729
47235 10594
15286 40381
48501 24268
18157 58944
4122 6940
7510 29688
32754 35885
11102 20301
33670 62868
53235 43436
48165 16260
34971 31895
36065 8774
28477 2428
49391 24840
63473 54170
25122 29590
51831 7692
51096 1485
16272 58678
7040 62542
53209 12235
10706 16215
3717 7819
59153 2885
54598 44790
39147 46969
3610 2592
32676 13674
10795 25563
43610 53350
57946 22354
31459 43497
42180 5991
18290 26372
29665 24555
2733 24233
35442 487
23141 14213
7401 20506
39860 44801
20350 50186
42626 59967
14237 63114
53088 52905
42485 6706
44463 51395
44448 18637
24297 44793
44002 59887
46379 58665
44256 18436
13751 39001
8379 25549
62860 8112
28577 54725
46840 26100
49163 17237
59899 35989
13774 317
8848 22456
58713 5967
45747 50208
22405 52379
59682 35969
4973 59993
41661 36096
31969 178
32637 7831
44196 48536
60659 18149
59668 4833
57141 50270
1708 25547
30264 61768
63143 11063
37501 20309
12657 13456
43258 59026
41235 30940
35659 29504
18762 18915
40432 2405
14725 19641
21942 33704
41059 24553
13333 42555
15094 47188
17807 38793
12657 20731
23016 10038
17268 62209
54594 26448
3485 13282
34795 1081
8364 15680
12276 47885
5040 7262
16991 43321
446 24684
42211 37604
43143 30713
47680 57567
51280 153
37885 51153
42682 6397
45454 51536
37067 18616
9674 30858
20370 47551
20153 33608
9209 29959
19581 59594
29481 25647
11631 30583
47055 53168
59991 14520
48620 10124
36499 17418
54643 28083
4426 28834
6458 44153
42872 14993
13463 27141
14290 33524
6481 24377
1129 35842
51198 59133
57618 43120
47756 4676
2651 5920
6471 40952
11827 33432
9663 27893
46583 46344
25610 1342
30471 51323
28651 61608
26569 27145
15381 4647
21985 44430
50995 37870
45520 57016
63749 50565
32434 50942
33538 60959
34350 53069
36620 13895
60268 45329
24440 15133
18729 54577
14600 8286
7073 16100
59936 44372
9842 725
33739 21991
20309 19561
5081 48135
31124 60368
26282 41612
12079 17547
42497 49106
25020 41766
25418 23854
17862 11190
17127 24950
23737 58352
58036 35276
51274 22655
4987 36055
7987 18471
45461 48032
30809 52899
57911 9284
29735 51127
32223 31635
34598 15420
20305 9727
22963 11743
38793 20694
51155 30002
57893 40458
6403 51907
50338 30670
58122 52467
42473 10266
38299 13114
13469 13631
45030 56432
32657 61424
51153 12532
32993 45991
44038 63045
58635 41430
14471 44737
665 44268
40690 18749
42913 38760
41522 7471
63930 32829
20665 33024
49065 62614
56079 23389
14682 3647
24518 16141
26493 18667
43174 33815
30012 8042
18446 60905
11159 44827
51846 8479
12952 32440
29020 32417
14354 54971
13893 3280
29233 42112
29950 29809
47438 26708
18622 2032
48026 938
28825 56012
26586 9122
19594 54209
10704 59147
33868 47485
5547 42524
61381 4706
35581 13067
28688 7987
32393 54198
2313 31571
54668 20877
19022 54307
14262 50159
13223 7776
34420 14366
23491 54028
38112 26899
60209 54954
12489 46665
8352 7272
59475 51131
35374 49149
14471 40008
22241 20446
47200 59549
23575 62575
42659 21487
18928 2
8208 18577
1182 13356
8788 14788
8069 26176
20241 60104
54821 59278
58790 35954
21946 62747
16610 17258
32122 7547
9545 1124
26227 26778
26946 24137
32481 44530
9626 58295
30719 26377
41950 3567
9793 33504
56049 63063
16102 62438
14147 26850
23219 4418
31030 54374
60694 26393
58626 9516
47922 43631
2725 2274
27194 57967
21803 23069
49825 31667
21991 43667
25436 46918
18159 6743
4356 60958
55127 54053
51137 6799
14999 31245
51208 61610
52627 27286
16643 40700
1196 26512
17071 43137
25932 47319
45686 26997
35944 61454
34405 56219
4178 43959
8131 49110
49506 23711
16167 2450
62944 36616
22723 33245
35971 43399
34579 60086
41006 34045
7842 2147
61991 60856
3866 61799
33088 38114
8252 48854
27540 10403
11016 426
58606 23530
17848 30436
10665 44084
14520 62715
58420 21610
2407 5758
44233 27418
63129 63083
27590 52018
58338 9223
28680 35159
10602 5352
28116 30522
3438 56520
36762 55024
6458 44518
17698 36741
63633 62381
50307 51467
34715 40489
6479 45895
31733 54323
24959 5418
36659 47831
29797 20557
34176 42409
26940 58028
41579 13530
938 42401
25792 56981
57784 54426
49524 26733
19877 35950
60536 34428
15102 23473
50047 32502
50042 44333
58249 62926
45321 57502
48963 33567
51053 33026
27405 28188
8440 40073
39092 12065
55473 53612
39860 3221
38778 53721
43014 19301
61563 63518
21602 38063
25723 59711
35815 49495
62032 41780
63504 53549
62489 1784
3838 17526
16776 16782
36071 31049
6850 13903
11438 32694
25645 6010
44188 50223
9913 28016
19723 8459
61180 59803
57877 46770
28842 61790
33313 16196
29368 25098
63043 58178
51633 34370
63083 38942
30391 53186
28219 61475
9846 6129
32913 21151
51377 59459
7325 42975
19362 10420
14450 22440
51149 55165
58411 44034
53133 53317
21840 27342
52975 7143
42413 54797
5930 25370
6491 51047
53319 57596
5897 11948
23098 37360
51817 29170
2588 15819
59815 28458
5299 28043
63991 3481
49891 41961
10247 23338
17264 51903
46692 27667
27772 26780
21161 31391
549 30895
63862 49081
32979 35372
5153 40954
6278 58206
18442 22487
55204 22946
46206 63657
51893 37997
15141 63813
61827 38555
62434 52167
49911 5159
27167 3907
26684 20862
52833 49942
663 37053
18991 6272
30797 17872
32034 60977
1057 13274
13090 8833
51141 62700
37047 23557
5319 55387
36698 37672
13381 25303
14018 16006
41741 46692
12561 48793
44629 16252
32977 54436
53442 23954
41676 1858
30194 62458
62584 58502
3108 33174
54055 37944
10327 14940
8883 49141
49745 25327
43461 57293
8975 8567
18047 2338
29430 48112
54170 41063
62534 1809
19141 62858
32061 29708
47715 29073
590 60487
42854 30012
26102 50516
33633 9555
2680 41528
36260 35397
3346 14922
16223 40911
11030 20704
5569 44649
3649 3028
13293 29450
47317 56391
38870 39192
19688 22422
18903 59151
25409 57321
16887 45993
37713 55911
38124 57401
20124 10321
35727 15305
22293 21284
1786 12758
31967 56073
5627 58420
37067 27051
9225 40688
15901 28860
25711 21422
53497 28208
3036 41325
46071 60315
62733 58930
23610 33965
27821 37215
40577 7178
21831 31852
24758 35520
48942 39069
6209 7034
17272 33141
28360 37792
35264 15512
35208 50073
11211 57532
60659 3172
49913 30831
54001 38833
36438 31305
51465 27290
29026 38731
27965 15961
43116 10022
10911 42743
16489 36079
46180 47948
9547 32292
22198 10854
22706 655
30159 20889
60918 13508
50348 25428
19331 60905
26616 52233
20047 63602
14954 8495
6030 1686
60209 46526
54129 12799
62926 22059
21225 26022
58297 59172
49502 1360
17252 43852
32848 20852
39676 60168
18379 21333
49733 39083
29086 14778
55340 57872
1608 10309
17743 8188
53133 35811
9231 6737
43422 49167
24975 10579
53948 9133
62985 11067
46182 23827
30196 36393
987 14838
24682 56772
17139 30991
39989 46247
6973 9684
25596 39112
3168 55907
53508 50979
10633 36842
52954 22448
33536 10112
15229 39413
43452 27647
2667 27993
6635 1176
31700 10088
56422 27348
60098 53557
32745 2467
20284 43028
10793 12862
807 5313
16776 10883
5918 27479
40827 6514
35295 53522
17022 52616
41862 5668
48536 37795
61760 4307
35909 36897
10436 44543
10446 17116
14846 55385
10745 33745
7793 19536
36340 33542
30391 55831
4475 15719
32649 14295
52006 52559
42180 21817
20424 23665
3042 56456
1995 37817
26692 52370
17047 52469
37079 21372
60358 48874
63848 29114
58686 40811
37688 23879
17413 58959
21774 60028
26315 28899
53370 18038
18475 4715
17530 3194
40290 36243
6942 12885
30627 3942
53879 54540
59098 43381
8295 8182
21456 37360
48028 31602
62114 13647
35139 34170
17805 54350
60374 41262
48342 18911
5752 39317
44526 54713
19268 35508
43167 21333
51735 10063
7229 18407
29749 47178
49112 15114
30760 2581
31034 3305
50303 17709
4577 16239
7317 22516
39315 26948
25616 48895
6602 28237
37467 8741
44458 52290
27313 54626
29602 47922
25594 49104
62598 13444
18717 28643
36129 47153
37147 60182
36391 9446
11600 32297
31622 58571
43397 19026
21743 25987
38920 30284
63141 45360
58190 42918
62565 17178
7590 22399
34141 2993
26688 61112
9532 27292
7211 23295
39204 36981
42124 38590
50825 32514
50836 18223
2793 32626
58549 47811
34879 14700
15709 22788
30008 4766
59590 60459
17145 11112
40018 54692
61333 39530
43192 35200
46825 12180
31651 17493
47377 20086
14366 45418
25629 27249
16938 8348
3639 32391
49946 62979
22528 62323
49403 25766
9251 42940
51340 37975
20499 9829
62522 37362
21721 518
17274 18475
55276 26346
50458 23594
19698 41950
4542 54272
42102 54379
823 61528
25708 33848
32758 12639
58481 24090
27426 581
8913 50364
61114 10073
58918 31059
63020 10268
51856 58942
37110 52049
45680 42024
8053 15959
13213 30057
17327 32766
55542 24643
15417 6626
30545 22983
40161 30903
26536 53237
15200 62588
7043 55526
6579 5364
56702 6540
15438 39272
2282 13784
16870 43028
30836 9448
26860 58950
54969 49893
11389 6504
23245 18774
59639 18501
13698 59780
59321 53877
4491 24997
145 33151
15688 32907
15409 46456
4147 38004
7696 24231
13547 58030
16723 20524
25540 48852
23299 50922
14016 48942
27405 59100
32506 31506
54413 42008
4713 22223
31413 11672
8143 48604
19684 15624
16895 30995
41276 21958
21551 13186
49715 19004
4200 10665
50846 7647
46588 2469
27793 44237
49395 48686
60043 12161
44626 35575
34659 48012
3137 54295
43608 20399
55288 19292
33241 11370
26709 44268
55854 6479
39209 53823
9418 39454
54784 20672
23409 21502
48780 10536
56764 53254
34159 16614
57977 1297
22899 45711
21299 33370
42518 53983
9081 62163
37723 2295
50233 47749
31182 13217
48811 4631
53418 3645
60727 63436
23848 55038
48583 9206
52909 63286
48635 54333
3348 58206
51877 28118
60622 54653
21256 20942
62401 57272
50999 49079
41245 40850
2084 50116
50354 16325
27823 15022
62479 4389
43563 30811
59938 26745
2540 39860
17772 954
55825 49831
26016 32948
26417 24231
61090 33133
27452 59586
36334 46143
54538 15251
25651 28190
62219 33834
10276 14073
18557 30260
2682 47790
39848 35438
25602 50776
35452 48577
32168 25774
52756 4110
13206 2325
48266 43247
57604 57887
18807 32163
35866 12581
50866 52792
16739 27547
6055 40264
62995 40948
690 36958
4331 39581
53504 5178
9385 60118
59491 28467
58895 61979
63854 35528
37963 37819
10098 4776
21459 55649
24245 39532
38540 22573
25159 55809
42303 16159
43016 8760
10555 13434
35889 15721
7717 55497
10454 21889
5836 61754
4829 30641
62747 11805
35536 32444
15338 28918
14584 14426
53952 59151
58686 16549
55905 24100
44586 40413
4141 13260
48526 32686
9006 50016
11831 5161
19139 21270
14620 1432
43501 8670
11639 36204
10522 11487
28227 37219
22377 3104
54399 43809
2379 15131
59055 52081
5506 39149
2321 16713
62051 16083
12004 39399
56393 23178
26184 37885
46895 32637
27920 13665
56926 55850
46090 20268
63018 47258
24346 54211
42126 61862
12209 58530
36038 40321
12270 4979
30893 35704
1532 52819
57831 63860
36872 46260
56764 7403
2622 12506
37282 35333
62280 26446
14661 48276
28356 15942
63030 19354
56319 49780
27631 60676
44690 18204
6225 37456
19254 16108
53610 55749
35395 18840
27274 45831
20553 32627
12167 23178
10815 13631
2594 17090
51622 33635
47249 32934
24610 50336
47354 62008
14565 16284
29940 57032
6514 4434
22237 15268
38932 60325
29206 23268
51081 34883
8180 21225
38469 3860
22645 36985
10436 55872
21131 7645
43866 55094
63239 2809
55020 16559
54790 31454
31506 36084
6100 54411
26350 28834
3372 24497
16223 10489
11227 245
13760 23061
40346 27282
24042 55317
30249 25309
43157 19834
45188 14729
8932 8680
5176 24885
29762 57719
62133 17926
33565 25540
11157 2299
58874 33010
62926 29872
10047 21461
23219 58667
34606 27483
37567 15231
24692 52360
11022 38633
40649 36129
29063 24079
30747 30252
41610 48147
5004 54926
48180 25661
61163 55010
6159 52184
12754 16577
60196 38129
1331 18100
58731 24514
50792 22254
43639 42309
9842 14346
39014 9446
16584 37366
57051 63428
51229 25672
55084 31577
54922 11292
57729 36891
12721 28852
50153 45545
6663 37137
48479 34004
20993 15264
17307 53774
17485 39489
40362 15749
62915 50635
30270 8227
2635 14155
23452 10512
62299 54797
26149 8163
15686 51922
9577 11850
28663 5428
44184 25868
49274 18305
19071 44231
21956 53815
24495 56428
35860 41293
11532 12788
61331 40588
62838 51463
48475 15104
16561 41065
41883 11487
33350 20885
61467 39930
16516 16776
43409 5098
51301 46639
39258 5688
29270 9543
7139 8610
47844 16465
33088 47780
6944 24657
60512 17563
56764 37639
29772 18823
62674 52821
17901 7602
61233 58731
438 24420
1350 31899
41381 10217
40549 43340
21288 38897
10372 40674
29469 36508
24899 55866
18344 9055
14397 20592
37881 40918
30096 3239
32200 61922
62088 49512
4274 53001
346 56682
42768 48506
16872 15456
57002 29149
14977 25458
58034 23540
23674 34360
63866 372
55206 50616
18795 61229
23686 11829
20860 4016
34881 58747
31432 47010
45104 12876
924 55542
31235 23727
32633 21297
53879 31680
46694 32252
11629 12475
38168 51225
4475 57334
7252 45055
16313 14700
15618 14411
26610 51600
22872 18213
29165 4645
21137 62696
44012 30645
57774 13084
48448 42846
24206 37899
41168 58805
16879 15883
37555 33877
60364 15563
18069 26333
62547 21424
11768 36102
7979 56711
16965 43139
43334 28870
4995 35420
12991 63590
29116 40555
18747 13491
44530 15026
25653 59424
37538 53069
23977 2405
5801 1149
49292 60165
3752 28088
34674 62333
51116 20807
13055 50239
54547 59684
3674 7346
52417 35557
36663 62301
36708 22338
33760 42618
46030 43251
63149 40981
39782 12702
46413 40174
55413 27772
11624 2637
30827 63334
34555 6643
49905 12797
2016 43104
9153 24465
3309 15001
39479 27540
11823 1438
41084 61733
46739 48327
49495 48504
52866 59680
46700 41940
48604 11553
39436 45233
36032 38592
42583 46809
31112 39213
21680 2059
28034 13413
8581 30719
63665 11192
60227 43852
4147 9612
18545 30469
51604 4475
21469 25772
56975 58629
59086 31018
44977 16899
36920 59018
37190 37635
48323 63243
43268 50905
13991 52577
34278 61278
54627 21680
159 45282
50709 62977
33305 17430
11387 34284
28280 38922
26501 44036
27651 38938
15741 40170
35952 54571
32913 20606
11766 55381
59340 47372
11942 22573
44381 46334
45924 24809
23088 46581
62217 626
44973 9403
8969 13502
63905 28911
6684 49528
35137 54282
63061 59717
49459 43629
7948 20930
46459 19487
38436 13434
24932 39928
56059 25081
36401 3317
42143 56112
47762 4659
37260 42588
47063 9610
50811 44438
30397 12083
2743 24153
51926 17495
23381 46073
39038 57633
61391 30333
2604 27143
21868 19407
24397 59651
24538 27288
11596 17506
20106 45299
8446 29145
18709 42524
31028 8084
40502 22848
23159 23538
18376 40655
51413 32659
42780 45120
57272 12413
26702 31143
52399 25057
12737 46905
11032 39270
8303 24049
25512 889
58985 4481
42932 39276
21987 25795
4913 23309
5715 47340
28489 17006
41502 10893
42145 16758
17432 33961
50963 8204
40301 61715
60887 4715
15711 63543
4131 17522
20276 36229
39696 3450
63954 3762
35024 60286
48514 43760
10766 19772
56122 18526
34682 52225
46049 729
2670 24776
53508 47711
32903 59241
32612 58413
55116 31602
53467 30926
24993 11141
59377 46686
49696 21172
22180 43256
62514 31409
21713 45778
60633 35954
63393 23012
32038 38928
55936 38020
9534 57700
19178 51477
17893 29756
48055 47592
32135 53202
38674 32667
32917 14862
46528 276
21059 60042
2838 53073
13202 61877
43006 7209
8563 56340
45204 13409
12852 56850
17084 48626
45282 62510
56618 4368
22727 17989
53053 17614
22987 26997
30004 18372
53194 1418
16653 59862
17333 8040
29100 21317
32881 46928
7815 57413
62600 11417
37221 325
35420 35723
53417 48407
62463 60194
5997 51495
2202 36168
30 46838
28721 48475
40127 59653
49127 49543
54672 30303
8059 19155
14139 58102
13352 51797
53561 31747
16793 33667
29122 52372
32040 11284
18854 15221
47626 17733
45487 11965
41116 10532
19403 47624
20385 31118
35719 30118
50010 23973
39508 62456
60792 1368
17124 11536
40409 55713
47667 47573
19190 9575
28573 40157
1010 61268
9319 16928
21313 40116
51260 18889
34266 37313
35596 22329
3026 26411
1450 53376
23139 23444
28083 13182
21073 665
51229 43729
9850 15917
35555 56249
59834 27624
61251 20290
6624 49405
42733 19389
38075 50323
45489 7377
6448 62745
23034 63315
15688 31838
3993 55036
1813 60684
63319 21340
24450 9030
19624 54788
11471 59639
48645 35133
34776 58299
42823 43381
51182 9434
59018 14459
58456 45342
4344 34538
48459 11065
6133 32940
3418 54883
16 18709
21329 62434
46135 59792
48473 28446
35483 2827
9071 36114
40362 51588
2059 18086
34965 26040
10979 17088
48096 20004
13004 32155
49999 23479
61096 40504
59319 11563
9266 49034
28194 50004
54981 61424
55456 63393
40684 6901
37977 31950
32446 28577
14124 6971
53733 25469
53348 6874
20311 62100
49889 15877
58268 27745
2626 19313
11157 31299
51014 41543
46278 41770
17198 56532
14069 4393
28202 57004
46635 30376
48278 24270
49391 34262
23356 20641
59842 16932
3641 18493
23477 48206
26321 7942
792 59100
20393 61147
59436 33684
27639 63243
33499 6579
41700 3897
3887 8071
15297 27485
17868 2856
41555 47895
29706 28405
43479 45958
52436 2958
1520 23508
30774 49139
53309 28055
1122 35202
23475 54090
48733 11893
21614 43018
51977 54944
2374 43715
3735 39194
53661 51696
3934 30327
10985 36934
9184 28239
35913 62282
33561 4034
52655 42528
54497 52635
780 6077
61809 3038
14045 25252
15844 36159
51364 37231
24758 52350
9887 1590
58909 42497
38217 40495
24377 36770
31737 47499
25626 28997
12083 10971
39262 50641
52717 26163
44944 24428
44651 25868
27395 19588
12272 59745
63565 26717
57309 239
36891 2280
917 17135
24704 4711
41885 58741
4745 20174
4983 1696
54825 3915
33409 51387
11588 55266
43379 47020
18411 36251
26848 5286
32432 23838
56331 44674
40694 9805
29872 40401
15420 46219
58129 31956
14417 18575
59590 5295
32584 52520
41895 7635
10581 32227
19313 48887
54584 4391
20313 43709
57196 9838
31292 16190
53461 28776
10389 53153
54026 53653
9473 36077
49395 15653
26202 45667
15346 26823
8252 61016
37444 23793
15647 39428
690 43168
3217 22831
50299 22504
61192 12840
53594 36928
63901 28442
37036 57383
12624 24288
20360 12495
22536 19627
5862 8065
23803 51872
16790 14186
46793 48762
46868 25979
9407 1182
6948 7973
4543 18577
42778 52086
5684 9024
29905 59249
52602 37899
27698 14643
27204 19188
50491 38569
17481 49411
41866 2940
59606 38184
10042 7399
133 9395
58405 33061
60348 47006
13153 3874
28713 43487
46069 45624
31463 16868
10424 60540
39315 2420
39995 7542
36301 28963
1217 6106
56731 17786
28456 53762
32280 50211
52401 11200
63198 9772
39600 29022
31643 5010
5100 22108
3149 2918
44217 29600
14202 14981
21448 2534
51961 33868
58475 25063
40088 38725
51336 23344
60708 35114
62676 32014
50501 63565
11163 8319
32907 14752
56002 7848
60465 17305
34588 31907
33272 20231
55272 40501
39573 39975
27274 16963
40463 14098
37686 2192
56735 27581
61643 48514
63833 45752
19577 11182
48938 47852
11626 23495
12182 15198
15159 37526
45983 27999
27413 44506
18506 52786
3280 60809
19245 58458
58198 21565
4743 42971
30172 11911
58417 32639
22934 17850
22530 20061
202 10751
44264 30682
53086 59458
25946 27965
50614 4036
33372 39202
39372 49139
36270 19940
38286 19008
10893 31038
18518 40073
58721 54348
58483 9208
35305 21012
56008 37590
7217 18401
11600 60204
7151 33665
8840 32942
21120 31915
9915 59362
21799 47022
260 13043
21987 59053
24338 45584
26186 40327
6530 10221
46321 8086
51165 23063
59569 17807
27663 63965
10321 63129
30819 7026
54270 8411
10186 30686
58627 31905
30610 45493
28442 41569
33877 9450
25081 13487
51483 25022
30799 34932
58532 39743
53465 18045
34760 28463
29381 42133
62692 31213
10258 10606
4903 28700
295 28528
62418 53422
57387 58797
28247 6409
24469 6952
10020 25596
16969 8598
51768 43805
8403 21463
20819 22376
24073 32084
5823 10393
52915 43100
31895 43565
35456 63192
42899 56711
61895 33627
44834 15883
50323 41450
16370 60096
63053 49282
56483 26713
19079 3747
55239 6418
24668 532
61690 21850
16067 24065
58895 27834
340 27819
69 55256
36331 1245
31856 32545
25743 21315
30735 2805
56358 62723
42528 14540
23364 12667
47065 20036
38829 48292
61944 19344
35268 30745
31442 15903
9372 57844
2526 21776
15833 61399
34008 62520
13309 15124
20821 35686
16512 47204
31413 12922
16411 39475
60266 7723
58577 55215
49561 54801
5639 25594
41930 7071
13872 36711
38370 24268
33905 31282
63260 7198
5559 10946
10510 39594
16811 1188
28838 27618
48872 32903
60165 22969
49407 42565
57133 59631
19862 9040
5770 30241
26936 37012
63243 32079
16155 1042
772 44678
41592 60239
53645 9086
21696 57573
374 2709
19258 9799
44958 43823
27497 22018
4290 51678
4264 40852
54676 8247
32391 20247
51487 15592
4139 17907
35930 38852
51790 28346
30944 52872
34352 30573
12231 62426
6411 56387
12395 10102
43073 53315
28225 1790
3055 52163
9084 31786
35909 29198
44440 21557
47336 36946
4510 58086
16670 57635
32038 45879
20444 25233
51184 2579
110 46145
11561 20200
47879 48501
57370 34006
32674 42096
35686 20999
44223 26946
29844 2028
29260 28459
51973 21543
33872 1249
4637 54959
1952 15557
29614 17643
31792 20313
49788 17536
40786 44811
30182 1395
60272 5018
20096 24657
46489 40499
30387 38936
45670 35973
23868 43135
47239 21497
8821 4192
43165 41262
1663 9444
11405 33032
40704 56626
21504 36194
17053 7477
52301 54434
16643 6993
39758 19053
43372 38288
938 10885
9377 3086
48067 34858
14450 21842
10770 17170
8532 39485
16389 23096
11383 30778
18452 21420
47356 19313
7254 25485
9278 52137
44577 872
17491 47979
514 49715
15989 45131
54440 5616
3704 62932
46088 37208
26889 38887
18774 50338
50651 15411
40719 62862
51600 14192
46514 46081
1616 28190
24715 62795
20756 17249
13538 27985
49270 17338
38709 50110
20751 57424
31418 39047
14411 57959
52405 50633
24481 45001
28172 53860
40727 21950
29323 14665
14104 24922
41014 6372
17532 23741
63555 24737
47788 2549
5104 49631
34528 10055
12516 31350
14450 1401
62295 23540
12547 29655
33688 12743
36524 32920
45887 50594
46305 31088
41374 46620
48698 42204
61376 19655
51151 20450
3450 37917
24667 21770
51198 5670
57815 3112
54106 62545
19885 37295
7493 25452
3161 29499
38610 47145
30313 37377
840 25403
40934 24811
26045 831
51174 23270
25016 37288
28518 42799
62067 30944
15692 2647
41743 53963
45672 47497
57651 14801
61852 47342
33434 9143
25295 54975
5842 15450
39147 7106
63954 53145
32161 59102
14508 33411
47331 31354
27362 36629
37682 61276
27083 54430
23159 42913
44657 58368
22653 12190
63323 9231
39149 19774
36538 28975
23999 49573
20057 29268
34323 60844
8151 42676
61530 7946
55932 38467
965 43694
21831 21042
8688 56364
24165 24981
51366 26305
49864 36743
47299 32178
1293 32944
44571 48829
27229 37307
42319 30774
55926 2208
53135 39325
40350 56860
12590 11325
25493 32110
5876 15520
11848 19879
33584 18547
4989 45211
42608 6555
33286 32948
20159 60446
11737 3045
44917 14737
1926 12495
29303 26061
42124 33879
6883 17280
33475 56553
58887 27225
8360 24450
29856 8069
50833 24508
46417 12311
3225 19725
5184 15399
20846 52844
3780 59975
60821 22649
8981 31735
7055 22901
31997 8920
53317 25889
862 47446
38450 28616
23969 23631
43706 19594
42706 60575
50209 52282
15233 48137
6545 39135
13391 62571
24463 290
30709 3754
4719 60862
35563 55
11036 34883
3448 26836
54180 1850
14370 32557
28192 49909
21381 42528
60700 15655
16219 62270
35399 18563
6081 18512
20622 60049
15524 7805
42063 61145
39493 2764
37606 16795
33459 53936
32288 40803
58702 9292
27387 43372
28704 45348
25627 31290
6672 7899
6518 4737
52196 8393
17821 56709
55004 17922
5126 33079
25881 8836
57563 63266
2678 49991
51649 39557
41465 49608
11237 59016
26807 23774
37606 34059
27159 8551
39674 37620
33389 45727
38331 36954
62430 174
58901 6083
40053 22846
1729 30831
60758 9397
40889 52516
54811 20418
21024 16256
36377 13307
2303 5887
26809 19764
39512 43526
59032 14905
1258 31754
61077 35999
11311 28413
24721 52850
14059 52038
1272 19774
6104 55915
10454 59225
11959 36754
44440 55032
1899 20002
60997 13268
45909 15770
19756 20749
5776 7381
47622 7139
19299 2557
19282 60698
54627 17225
46866 31655
44717 21938
12709 5188
31922 40940
23262 58051
40700 49836
46110 48813
4450 53907
32114 31725
40475 57028
696 60211
55067 47231
46225 33991
60717 28887
63555 19809
59454 35499
46659 35823
42297 25143
54411 49571
46856 40518
57483 11612
55030 23626
40370 34749
56846 51077
60532 28913
62424 60018
62672 53637
4061 22688
46137 58192
14438 23600
63438 15317
62961 45342
7897 14586
12221 5010
12424 41409
36579 39256
9413 31639
32872 43981
41766 55823
13260 2622
3043 7063
46178 45100
12735 54510
7428 43360
40657 20481
11381 53559
50483 31204
56325 2868
44379 23182
9911 58899
62795 7186
4758 15764
33346 15872
2147 30758
34844 37020
1864 21653
38446 10413
40161 58635
11928 62313
45840 20858
25081 31588
40469 19624
26233 61458
48711 50182
15903 30844
12790 54168
31573 47387
37069 6653
29583 32040
40778 57821
38153 41325
40829 23278
27538 61196
14790 44981
63301 22532
53969 52790
60702 52252
12624 40649
26235 46059
3295 3395
40264 48807
48276 12180
34803 16495
45184 42530
28417 61879
20686 33026
40237 13721
38327 44608
25116 31647
54489 38497
11899 18651
48487 38764
18823 21204
16766 5499
56038 62995
29251 56616
45256 2305
1793 44292
30532 34997
22772 20004
62147 1126
55793 18235
63645 37192
48530 52749
23975 28001
37680 35543
56770 16155
65 391
28737 47178
63819 21030
27188 8249
61747 13956
24682 50573
766 31862
10807 41374
45508 21688
37069 43512
54022 37305
36922 12723
15610 8813
18915 6489
20788 58479
46959 54528
25376 17282
29743 24909
22704 28104
13231 43803
53954 57522
38334 10842
30612 10251
1674 48112
15063 60188
53481 40772
37293 12096
50618 43299
29739 59909
6729 29348
46229 27663
57518 55252
3090 35043
27135 19133
4344 57577
57713 21647
41047 43426
20012 62350
62756 40819
63182 13696
43106 14114
21678 14643
13532 18467
37276 49905
7088 27147
50217 8813
14430 17456
5487 13815
21881 57288
28213 8583
41659 38313
46186 59760
12198 13774
33510 42331
54618 18926
33376 34610
3313 12077
45959 28856
40655 30280
27446 27522
9831 45635
22174 27118
3811 213
33917 63700
60422 17620
42272 13993
25571 53167
26192 30129
38577 4678
16626 22018
13622 57928
40303 25336
43354 48684
40622 61147
34586 47391
21674 45139
54139 52483
53399 16497
14792 38301
63854 28391
51381 35653
16610 34098
25004 19001
15278 6739
17354 46249
37159 50647
61188 41188
54012 38362
8901 48545
49959 3251
25251 31663
54506 53737
46182 42801
20688 15184
33797 28073
50344 61374
9434 32997
28522 45633
30877 6672
993 9571
55706 34590
36901 27450
48737 6063
14547 8170
19626 58270
56272 44899
28567 34950
2491 14301
38135 5696
58836 39413
33249 19891
46436 6129
31249 53256
29307 3331
20116 49042
4881 4614
22801 51817
23655 21663
5694 15915
23958 7247
21200 54469
43854 33831
46456 7116
32172 25817
36167 52282
48643 19418
35567 26114
11176 36147
39501 6045
36262 31928
19639 12969
18493 31848
61815 46038
7213 16520
11479 32098
26288 54075
41295 7751
63004 51776
2842 52020
24100 5268
452 31663
903 55436
49174 21100
1610 14907
38858 50973
4682 42157
42368 47313
3374 13260
13915 23358
63374 37256
3514 41977
63586 49139
61584 10725
38020 30471
63647 43518
20819 7637
37161 42952
56415 33700
4493 5211
44784 7895
51997 21645
19866 50752
23227 6932
19069 8834
58274 47891
13934 23106
33221 58911
19899 30922
17741 21999
23194 7651
60790 9473
34877 33911
14463 51256
37973 10442
9944 4805
9747 26594
55586 1674
41108 52448
11137 28688
31127 24555
8065 49747
2692 19301
10022 58254
5274 47911
55432 58186
10829 63049
4196 3745
48823 31075
10536 15686
26377 19901
31950 8243
55545 28493
44299 4668
29708 19981
41020 19438
39094 12405
14461 17030
47442 49081
21340 41372
35756 30588
18333 1891
59217 62399
17786 42188
15200 20108
57547 17352
40424 10307
22932 29879
55225 45071
30807 38239
12959 32083
5797 40042
12518 62370
54631 59854
39983 49674
12594 35622
33395 47440
24116 49727
36659 41438
19481 38667
48557 32001
13670 3362
36909 35897
49313 46079
43834 53817
45782 39993
20163 17491
40391 49360
18946 18436
59749 26327
2110 319
43208 30360
18237 48948
16450 8301
5448 13897
41204 61038
41440 43735
11077 42825
38627 905
35516 59200
26420 42211
9895 5540
18614 10936
9723 32251
31922 54584
42987 14559
21622 50247
30602 40950
44327 59600
21010 62223
29883 35512
36876 11163
48397 42293
7938 6852
6379 43563
19959 33598
42026 7739
53819 52489
41608 25155
20715 63573
58995 34799
35516 52657
60315 6696
6202 44751
7713 49877
17465 6104
48260 12016
10420 8899
29973 24663
44426 16551
30961 24110
27069 23637
35704 21887
6225 36452
60442 50879
38290 52186
13711 25069
22506 34733
17985 38897
51424 45118
30442 266
3491 12549
877 19147
15756 8106
44717 61827
50713 59032
13170 36776
3262 45674
50497 38137
33786 63036
48415 56848
13370 60952
35620 37374
7133 40897
52428 38086
41696 7415
12561 29251
58756 56174
22032 46635
28807 52643
57176 42770
38973 51405
47799 25797
8965 14071
35454 19977
1172 39852
44823 53792
10874 50727
42264 29702
10567 17256
3446 1499
30434 50999
16116 9315
24934 41583
56018 62219
11495 20372
1895 58477
39374 32778
39651 41409
26596 61184
37620 4887
47059 60506
26963 30446
17725 8374
49194 34034
7979 31920
32829 32368
57065 1231
9155 14942
17694 59387
49133 11629
39743 7149
39420 17930
36088 36260
23518 47844
24581 25374
10043 40354
8114 20612
38129 17545
6848 10747
41956 28354
56540 18999
48377 19928
19008 29469
57725 2618
42711 2196
13676 10600
47469 6836
44301 32116
31292 24961
36198 51336
21338 26999
3770 55860
59010 1778
59624 23825
1161 32709
40094 651
39424 34602
23889 23413
55686 13073
5872 2827
59657 12620
27944 24870
18600 39292
53084 30018
45151 19993
52489 36124
21292 20420
39848 54893
8422 15610
10739 36016
9588 11122
33157 12905
49803 838
63161 16059
36518 47401
51643 56053
46202 35266
44231 62168
51055 22374
8315 14622
51842 36461
49188 28436
14860 49997
45323 50934
3020 3721
4772 18858
27051 36840
44692 9104
6850 25817
15987 13098
8930 61815
43084 20782
62018 8745
16836 44235
36754 27942
14542 62911
43536 19479
5090 32510
42469 58088
45243 3469
15473 29721
29024 43081
34469 34725
4247 7229
39733 19649
54165 7764
6342 11672
54245 21497
56780 57665
30057 62799
45624 25858
18311 5868
30401 36153
28995 30581
2540 13053
34655 9983
36458 23215
8786 29420
62768 19635
3366 35266
39626 14442
31493 35295
48176 6334
1168 680
62155 44637
42188 59598
5583 11979
168 4481
40614 19592
39698 46879
35493 37251
42604 49959
10643 35817
63360 4612
868 32432
39598 3198
43700 36305
59768 44924
11856 53157
25905 38819
63817 18270
13526 18364
22553 8165
38661 37731
56344 24907
21993 19645
11752 23040
4139 48881
28700 49133
58038 37387
43690 11971
16489 23012
43129 41348
60786 27883
16799 57502
48499 34397
1440 21172
34370 28834
60458 62274
54336 30604
13764 37208
26682 57108
43737 16782
16305 6237
7303 38776
52122 46485
52157 51118
63586 24690
47083 43682
22344 17409
40430 14731
22999 23899
24692 25956
5016 30741
5217 56168
1743 46083
59045 35602
42559 53504
37870 26834
18151 59506
9124 38352
42905 56635
1190 12725
24436 12217
18733 51415
62239 24735
46170 10198
1452 53807
45247 63227
19760 5819
48754 25708
61424 29155
36360 57200
60422 9069
14573 23557
46721 36176
50833 11471
29684 6575
43711 41657
32586 63579
3254 2657
44268 39096
47444 27266
5903 52610
56778 29596
46901 41803
48991 32747
63930 62801
63879 5112
9067 30034
44270 3311
45065 29731
39102 43743
13758 5038
62643 52770
63584 10758
63817 21516
26229 27725
43668 11295
28401 22788
6956 7674
56733 12428
41848 37149
1805 48008
21776 32446
11292 8637
55379 52452
54227 15653
26606 22778
62424 10756
54907 50926
62975 15741
25590 34102
3917 63860
20268 61641
30991 40827
53450 10069
21555 25428
49249 24772
29598 23760
221 30311
63891 7110
26327 27344
21256 43430
20012 22184
52977 24469
3426 2983
10307 58508
51751 24524
39127 6731
12667 47667
9721 1211
51936 43389
43665 38536
15114 7477
15856 39042
43387 11817
37665 1688
49530 2342
55200 44543
43995 45573
56715 24907
5120 29799
47126 1047
3467 34893
3661 13575
42284 56729
58637 424
4084 44247
35356 51487
61368 23120
55124 24836
21448 48075
61407 10606
11415 13809
43102 24479
13225 26549
18934 32805
14911 22235
28979 35342
15913 37317
27313 27626
52540 10190
49788 16954
57567 7249
38926 42016
39928 7565
19948 50127
14571 12194
9917 30098
40401 60102
34012 62721
52377 20727
14932 46899
37723 25151
37413 43377
50256 61905
49879 34116
36860 47407
17219 39280
58055 49004
34674 29858
44721 50667
8879 1901
56930 27280
15991 34397
58909 37583
46975 56754
48120 13715
58004 43922
475 45405
59975 45137
21674 4768
13159 60284
38665 13739
28977 1889
61221 24124
4897 12747
27665 12288
26459 33143
8700 18446
22424 39741
39364 60608
7040 42061
33127 49120
35450 42608
8092 51856
54213 6604
55336 12014
52948 47360
23376 36545
59108 41266
12737 37217
61889 30415
54684 34286
47241 50833
4047 32799
38014 40360
4186 13538
1252 127
58069 36553
28565 39694
23495 39366
11672 31764
38417 31752
51042 42581
6415 13188
51663 47895
4274 58893
63950 36598
49700 28520
15764 35959
3149 47450
9561 8491
25797 62731
22659 50440
63620 7626
56645 9911
59602 28792
21899 42602
4083 6094
19237 7180
53204 59024
48682 50258
17504 53762
63376 27032
50631 60852
38583 43506
48174 33508
13858 22366
34620 16549
34305 2479
8450 51942
12989 33995
51340 2995
16444 35102
3508 63147
35333 8391
23165 59413
62219 22844
52100 44430
50461 39450
17405 31139
239 10456
7293 20083
1702 10223
11075 29350
33241 59729
61229 61116
48891 42680
47629 34831
24848 15249
41866 5020
51126 27452
17719 53715
10317 14133
61733 47512
17504 25586
23940 57241
11280 11793
22682 30284
53891 6293
49584 25493
50512 51678
24633 48754
61651 8700
19391 31163
46665 63026
14329 11825
20411 23592
60290 43290
37022 18612
18077 9612
22803 43174
2159 27018
24256 4504
62510 17217
61221 22815
38571 19338
23165 9807
39333 22469
14563 10792
51547 52848
51436 12417
26065 1667
26987 62049
32297 55497
383 40764
38799 63342
62655 63952
61983 46327
25709 19573
48950 55997
44491 50018
44458 51245
50247 39602
7999 47868
926 41686
23020 58749
42709 27407
8249 14661
28649 58057
57165 15692
48448 31073
3577 15311
7354 37649
43334 55032
36190 33981
50172 23731
26497 56137
55663 59571
8803 547
43303 56559
52038 8120
54731 33721
58034 25981
38053 20911
49196 32850
52315 3239
43260 14026
2077 50127
49200 20002
28135 18987
46245 34715
24350 47526
32034 51411
46610 8678
1883 18127
19918 38153
9192 50827
61602 52626
40956 124
18649 48530
50422 49663
49167 59495
8870 24104
13975 26403
62487 44747
20307 58055
16420 18762
11655 56495
23901 24071
41723 16924
38534 35827
22516 40260
35686 32540
8555 24323
33020 15817
63206 55626
60127 21727
1145 59821
3321 41793
36942 52743
51514 59614
9774 62094
5262 57102
6258 37747
30893 4350
51420 36668
33799 7127
25770 40489
40821 49997
38512 11668
45776 21049
46899 58307
44108 32280
39668 33575
54663 57579
22647 39762
22579 54340
36454 10965
41317 38719
20334 36387
19809 485
8127 46272
729 23516
22348 10450
63887 49928
24397 39526
60768 37801
54899 2686
34159 14555
26163 36116
32940 7942
4766 20065
47975 60663
62270 38526
59133 54602
20051 27530
23444 62709
22264 50090
50368 58479
22924 43749
18188 21071
17127 30754
29545 34059
62377 20870
79 7788
45 20805
34202 31372
34969 20264
10001 24311
35147 48635
27258 13731
53583 44282
12596 27256
62251 14489
7762 31495
56172 35999
11016 58159
53629 62211
1653 51807
62506 46969
41663 29211
50743 30999
60495 20348
54928 60967
48956 61022
17002 35153
12237 27094
59102 49754
24063 28364
18512 59821
51963 53
40760 4809
23668 41926
28821 44756
60639 15028
2456 9090
4709 10059
61674 8061
19864 5358
24315 28786
51131 8528
55762 17940
50618 23672
56778 1055
32639 50262
23469 12450
12014 31637
41362 25786
39444 23106
15627 43249
4049 49709
39403 21346
57014 51567
30262 47346
46356 26885
48801 60327
32831 2567
57344 42854
20946 6452
20786 41293
15124 55188
3543 44733
6961 11729
12651 40542
43639 30436
8967 20549
47434 35833
28514 63844
48376 40969
3928 14217
52022 7415
60059 30200
12344 28870
41674 53754
27770 52415
7295 51579
14311 47376
63157 35032
61854 27815
55297 48686
23549 6647
53766 29516
56334 55383
34963 46696
22590 35501
16094 56032
46903 7428
7760 63014
9975 51172
14672 20502
17635 56549
26477 35022
11001 9059
36731 15702
43739 49379
31971 43825
32471 475
52944 21008
58301 8346
13922 2008
25454 6395
22182 26149
11051 33415
51577 21381
48016 11209
32260 2956
35090 51836
42506 52731
51987 28473
688 45106
45661 55907
15348 13571
61706 38655
23422 35887
50881 60706
2563 19891
40764 30885
27614 59930
22510 37854
49182 17909
22764 20713
8358 22973
30682 17262
37553 31815
58069 43850
17450 15604
2667 36879
32098 3532
40545 61918
32124 13010
1620 4444
56059 56456
54317 36209
23811 62733
1327 47233
4245 31206
24518 41422
34891 417
52956 5811
11790 21385
16043 35426
7438 37551
11807 55786
62893 53319
28288 53004
3969 45237
40065 25549
55579 61809
53911 55598
52196 29917
29549 34036
2438 33883
17575 13067
61780 9143
56458 16467
47387 549
42706 25436
5075 55311
12126 58106
42405 4540
22231 36643
41881 59428
9764 2
28295 44061
29340 36288
12192 46842
31225 44745
19436 56549
32229 45383
24946 21012
29739 58213
52518 6418
852 14114
30784 39243
40668 63327
51305 12803
21670 15571
42782 8440
44262 5790
19383 5321
36405 31510
45217 32868
28399 7848
48909 59813
36780 34106
38313 33883
59340 22038
17354 6098
11282 43694
26983 49702
40485 36932
60266 35719
27905 34522
17592 63137
55106 2893
28012 5700
4899 8504
22696 61352
13120 53827
38526 62286
1522 44969
9799 7618
9815 920
14067 24702
4792 6409
50098 45051
52620 18405
57959 24899
44231 52229
27235 36374
51846 25301
7352 35305
58622 40501
58051 39657
11432 3167
17963 12575
26754 57708
25329 56073
35706 33848
4829 17336
42178 28497
14547 9649
24122 57233
51057 53950
11944 5430
54631 23012
14024 52995
56579 14249
3370 50735
58702 29139
19385 6352
34891 45290
22774 30053
28823 63110
5559 41805
33811 61114
58235 22188
12756 17856
38 20897
233 62483
2342 856
4706 15911
19192 11961
36862 48635
30938 4442
46073 53159
3024 31866
26979 33042
29876 25743
14206 2586
13924 19774
35188 35141
53764 5719
59143 42030
59413 42883
12155 48104
24721 59243
24376 33930
50891 30182
19374 46579
15126 36856
27584 33077
26397 58196
13903 34438
26356 22510
25395 2362
61348 36743
25127 4528
31559 39323
26133 16530
59295 10676
19497 2426
26379 51325
54567 57926
62674 53641
29286 38188
23727 5211
60657 44249
59551 9823
33333 38088
56516 40090
28317 24295
54376 43692
37803 28385
60417 33237
28147 29717
18731 13760
36932 39059
20614 17836
22198 30762
42084 38327
45770 47569
62542 741
60715 60040
42532 13233
12940 26602
38647 12217
38889 56249
61555 1608
61389 31819
19135 3692
37606 3948
54768 23618
33129 9608
22719 41510
32194 49297
10668 14219
1999 28834
11364 28680
57180 15803
13385 12911
26397 40590
21051 42624
59038 48079
57432 9475
38053 61944
44512 8924
12930 15584
62454 21735
58764 15686
49993 55084
47473 44387
23975 21307
41143 58094
7993 8266
1473 903
44163 27340
37376 50661
54020 21045
12680 39645
50555 48276
55971 31864
19342 21168
26545 38987
34833 63596
54504 24903
57733 33290
16961 36895
43551 45571
4376 13454
225 28727
23016 2696
48905 21004
27547 21424
61856 7217
1743 32809
19469 44999
29313 40692
20424 54659
8872 10512
62952 22686
43026 62864
3237 56862
3579 9680
942 18997
6868 23026
1856 29303
45231 34542
39665 32391
60586 39487
34852 38874
50145 55428
40723 624
18251 53536
62555 37629
4331 20520
15860 38489
999 21182
37799 56536
56247 35598
53696 11567
53792 16918
28682 55227
41540 7801
62485 45981
26161 57463
29305 3749
39809 33362
32864 54137
36954 29504
34528 4313
43346 57370
52604 4489
51094 41465
58719 5043
17887 21512
9358 39270
40321 47243
34504 1731
35364 51833
5413 56260
23944 21958
39514 23577
30657 46471
12436 34524
53598 49709
19145 30946
14336 7422
46229 16168
13985 3325
29292 45124
37420 28282
29477 86
7624 32106
39114 62051
36126 1995
46497 3713
43610 1583
61776 6090
4610 8614
29989 36768
54354 61258
37200 43762
47725 39036
31784 51014
48342 36368
42815 41506
57774 14762
53600 58002
14876 11618
313 23422
39249 39649
13784 30823
28827 58946
30385 29026
57590 51649
42067 37852
43393 5260
47491 10997
3934 26569
14313 32510
10838 8204
2586 28928
7864 29817
55272 3002
11245 19889
5895 35079
26151 52153
25319 34077
5270 58657
9641 20118
15520 13436
39219 24764
42887 8827
10813 6883
49387 62383
32866 22141
32145 36442
5901 20124
58614 20303
42040 19071
27907 21026
17657 32252
28256 16866
41151 47956
16608 51327
1838 13100
10321 13836
45991 58485
29008 1065
17965 19655
16502 8836
32489 27391
4934 40694
24057 5825
46946 23083
55452 44192
50030 37141
63397 56182
62989 1149
55325 52946
60516 17561
11276 19706
31915 6708
56930 18001
59930 33084
33743 15547
43706 10288
56227 1743
31877 62567
30350 18770
51782 37012
43055 26348
16790 20344
44913 62098
5766 34360
31889 39532
24665 59975
44251 29672
56225 35911
36583 48295
19821 21997
24944 2795
63415 45096
53127 36682
41647 9672
79 5690
10045 22952
50395 51526
13356 44743
57999 47237
38014 43858
32889 8196
6725 19172
45057 10731
45170 43303
47497 48352
2854 6909
24364 31633
58055 53624
6241 41694
44917 39616
38538 19321
36655 31760
29020 23709
14901 50446
8454 50833
7153 47002
26374 33426
58368 49766
23995 36618
10674 60745
58219 55159
57202 20930
2801 2295
60047 2227
60608 262
6354 48010
61026 26397
40534 12299
28475 48883
14596 35563
60073 26118
2602 23155
14389 7704
57268 44364
57358 31067
14661 18094
7295 51696
57038 27170
61053 49016
23811 11268
11282 33872
36635 52465
48838 35653
44606 3426
4309 51032
23614 56206
58655 32331
35788 41672
32981 25514
27096 17577
31444 23811
41049 63213
59274 30950
22530 46741
45915 28028
17772 35104
7305 18004
8428 586
49274 33821
57792 6001
10069 28137
7126 34481
43995 42702
40129 5917
24196 63342
9524 42012
26553 22588
59760 49959
28700 59905
55854 30749
62182 29567
32350 54094
39725 30149
4409 25987
47629 49639
11010 46883
5299 52186
12303 14499
57891 8467
63049 37245
28084 43672
225 56280
60979 13129
26719 50192
20122 23545
21180 52305
24657 57868
43967 10598
5590 29786
61245 276
31200 25838
13188 50932
47549 13163
40319 34370
16141 50862
9969 27016
54688 26987
12868 56989
27018 23170
11846 33772
44086 8854
56678 50516
42131 31165
15045 977
27948 50401
41612 45059
53284 11155
31245 33006
36364 3051
46344 62200
28540 13118
28311 20590
20059 19774
15126 34751
10969 58446
7061 60557
17139 48817
62524 22497
33403 37690
22006 19588
7842 7479
18180 19950
41176 32323
18102 33967
33292 59836
3551 60104
14883 36473
59497 25329
2241 38514
56670 38172
37127 38690
54290 24407
17827 58418
20887 23350
47270 15682
63272 22792
8321 18502
17622 34555
52176 30075
40680 56672
5877 39502
31114 48186
24971 48159
30948 10588
49280 45694
13176 45864
3793 53635
53452 37182
30698 26643
59940 38190
6528 9372
59264 56948
62434 18958
20606 487
17579 51149
23905 1981
19670 32
10200 40559
46600 17411
48088 35729
51225 13795
34311 30436
3258 43018
18469 44741
10299 16475
5854 46124
27975 40995
44407 2415
45223 18331
25809 15352
62682 56276
6696 52754
46215 9411
31985 45331
5567 19463
10336 58112
60124 53307
31751 22497
1823 52575
13264 18942
9176 36899
22801 20260
38409 46786
39118 21551
57741 36102
49901 42760
58784 48192
13977 33850
27061 17624
13637 612
21665 43551
59116 61094
34020 28709
63163 46655
31784 42034
23758 21647
49877 42897
36954 55711
30624 4977
49821 46719
43030 37756
63553 40321
7178 7631
56667 52127
1754 48655
18333 30510
24696 56907
1850 54036
28963 6491
12223 57522
63438 13135
21876 12711
60948 63456
56483 49584
63418 63807
4940 36276
42137 62782
55440 23645
39163 21329
3688 48446
43840 8487
63239 61135
10454 4768
15958 8297
6999 63131
36600 3706
5079 9612
29534 42001
4936 9559
43561 20989
5588 29506
10893 38581
2112 32661
32229 2340
32036 26016
29963 53667
4868 5108
55532 12596
40737 2366
8864 49237
28174 29118
55969 19815
23008 53196
54657 57368
6389 58192
42360 47034
47932 6311
32106 63995
32001 6876
18594 44018
57094 430
40415 60647
26381 28499
48381 55004
51340 14936
1987 8213
58536 932
8001 42461
29520 15624
27167 32676
31852 12338
51053 6831
63245 12456
18999 20876
18848 54913
57208 18284
59633 29305
53965 24249
27930 14645
48959 32467
44061 49713
2752 62586
34131 21063
40366 2252
2913 2629
54987 31784
17872 4981
21809 29489
54325 44174
35991 35583
11704 256
16743 44751
50952 47376
11534 53329
27059 37532
18438 39094
22700 27930
4581 31717
53008 13991
62737 15797
51481 33948
40036 16549
62997 51106
52801 46114
25969 11700
5508 4475
29612 60389
39868 45028
44346 31376
32045 26747
11317 53141
63989 34997
57049 40825
50891 16963
55211 42202
2786 1706
29522 43313
62239 38834
43774 47698
4204 45819
48973 59270
27971 41915
61622 14799
31258 62721
55112 40
28418 41362
2251 27461
54784 38282
26907 29627
43110 17686
14788 50180
62184 588
49336 6458
59516 48497
62749 29741
10186 11711
4135 53116
61801 32258
2778 36967
41583 7444
36545 14100
27579 28036
55405 473
5995 61059
6071 41575
60657 59241
3788 56411
12604 47053
33217 5118
19788 21397
469 42219
30918 48901
30251 29473
51420 13868
38129 54379
11516 38805
7948 48293
42446 7626
4327 22163
14793 45440
6336 37901
40954 993
252 25376
27717 41711
33461 35030
44979 23391
27483 12116
44577 499
12118 2577
55251 51098
2723 4520
27729 54411
54610 55354
7942 26991
36567 24514
4352 55532
41502 21840
35422 48295
16235 59563
43196 7168
40368 5922
31010 18342
28334 4418
47331 23612
28532 28659
53713 42313
21604 26874
2891 9874
7833 30016
36987 30993
53667 13512
43842 21444
63366 38626
17485 48512
33778 15454
12713 24040
46233 61536
51803 60108
49571 30108
53350 13352
32292 13958
13231 39872
61821 14924
59678 46801
20913 9012
36506 54489
55178 5139
28438 59288
25721 47493
10563 3001
4928 15534
35938 38928
45352 3602
39280 36549
43741 46170
30811 50825
42194 34704
14225 58129
60418 155
18760 44805
57147 7081
27420 30338
10645 25383
63307 23168
12368 49678
24081 3120
43735 286
38543 56448
34022 59854
39362 53524
61391 19588
29883 19143
15034 17133
59118 9450
52446 24051
38809 5493
17831 16952
16651 45401
51614 46225
15626 17202
45100 24411
53456 38231
42245 48198
28204 11206
10543 52028
19971 50891
59067 55350
54739 51417
37608 57481
8333 24192
42948 10098
40497 52473
62260 9362
61120 20538
23633 49651
26561 11491
19717 56930
16112 59692
54502 55751
30586 23811
39208 35858
63030 58512
27317 12436
63549 18751
6715 37979
28288 2711
6973 19780
26495 47356
31735 61045
11751 30606
62251 27643
63290 34149
26016 18469
7473 44862
40557 57432
25368 16874
58317 45079
44459 4245
54686 15833
32487 42258
13153 10866
15407 63372
17569 60581
17475 37752
25551 34737
25461 48467
17010 46190
46979 43284
27792 14260
44958 61100
58454 33723
10217 35004
8165 27422
18182 33948
7723 8524
19725 45049
21717 6372
44114 30532
53780 21983
52112 1270
17004 27168
53176 8979
27459 53272
44805 55004
54840 63540
3991 9768
8241 39108
805 52813
23047 36627
24120 63481
42975 7495
37432 8229
63202 32733
46829 10547
653 59473
59073 37520
45393 49077
31817 1001
11149 6877
13938 15422
10963 35542
1991 10225
15963 10075
30807 38905
47264 40424
24196 34706
30987 39729
51782 34911
42409 12184
5971 7782
33239 18536
49032 48108
24012 25196
12307 11391
47620 2987
57549 56645
57952 33501
14383 15827
49670 21106
23893 19893
27112 48549
30329 43479
4305 14209
46948 30202
58131 36959
17967 52592
40579 10655
50663 56647
60161 50260
31565 53012
58424 19584
40811 48782
39608 10651
2588 5936
47409 28684
49735 16385
38885 48737
40444 19663
29481 41922
25098 21213
19167 49292
37237 9340
9725 29315
46633 16747
7133 5004
48516 36721
63106 44659
38895 47944
57723 26225
42028 49911
45223 63295
4004 42993
32883 6719
38459 47112
15055 51852
6407 29053
28313 33418
4200 24381
25719 13999
37620 4012
40229 4163
8079 27379
51211 12190
16973 40239
24100 53459
2122 51112
49161 37424
56374 44323
25401 58235
58301 43690
31581 46983
29047 4831
62368 15571
37282 14081
15614 42194
42290 24057
16745 12467
33178 51842
46290 58167
22217 5776
44532 43588
58295 2895
35270 1555
10514 22985
34737 61014
55889 17256
55600 40299
21190 21655
36126 63985
48903 48792
4452 9381
33319 12491
51975 36655
40735 34973
41887 8569
55799 46667
34815 53846
51969 52624
13598 16170
8098 39588
17186 42793
37143 1667
33661 54784
57004 18637
58385 32893
1485 32877
51280 13047
1376 26918
7219 61459
61668 55631
1549 19383
8891 3018
40749 55467
2565 53657
28192 23756
16797 20745
59047 9307
57989 56784
10311 59424
36667 56885
47944 10534
35450 24696
57149 32674
19135 54954
1772 49616
48905 26672
50825 592
46665 28940
46129 61684
43504 13352
29096 40799
22286 15061
56618 8290
32346 12467
96 33202
6346 63508
53594 63137
21221 44606
21100 57751
49268 14204
28932 5856
5364 14959
29258 184
32293 16543
36752 63735
38211 29069
358 29780
28231 1147
36192 1473
52137 44573
51567 29102
30215 23618
62139 42942
7217 10969
40186 23756
8446 8280
19995 40918
47967 49350
2399 12139
38946 43936
417 30850
28104 32167
24026 27182
56309 15614
26067 56594
3284 34963
55264 46108
62446 44321
62372 36178
27862 60143
53448 4180
23340 6790
36258 51534
23637 56706
5793 40444
29797 55227
54917 38266
40606 44006
24147 15495
18188 25069
56543 27389
13708 19497
63739 29208
11209 34727
45090 43081
39577 34487
33938 18502
46624 37342
13020 40438
21295 53883
44987 35083
50016 52526
51 11217
25139 47946
22766 51198
35543 54122
31913 1588
5331 60034
35538 61381
58678 25948
3090 41887
48786 58362
52700 32208
48967 57547
15575 52366
51864 19743
31526 20040
34778 31944
21618 44936
45127 53344
11930 8780
56043 57383
50477 44926
14075 52432
27208 43618
21024 43090
59170 52831
47907 26126
22780 20784
19043 19016
47219 46051
48266 23145
38959 29299
1251 47588
51411 20659
21989 31561
17690 28721
45364 47461
20530 9141
61864 46551
1293 14897
52418 41264
18126 10143
15366 50137
19227 33711
27524 59356
49254 22227
57420 30946
46834 42844
48610 19571
23227 53622
55149 43958
36088 5506
51174 30965
44368 43963
28616 54251
18342 24204
5034 33581
6754 18061
43581 12756
23088 2479
35083 54178
28971 23629
48251 36010
4696 50661
38026 53997
866 45055
38026 49891
33172 35624
11145 8506
34290 21129
36254 49391
44903 2526
5043 27147
25852 30819
18977 14344
49409 60567
20387 1088
59672 6993
39680 57192
24092 52733
40670 58979
50124 2194
42045 34723
8991 33555
8952 38692
32592 46374
704 31831
17522 18844
4616 23073
14217 44649
5975 53260
19237 31461
44112 19700
24651 35051
36627 11354
58571 59045
17715 627
46795 38276
60627 9811
61588 51784
18264 46131
19571 11430
15881 27430
34745 24147
37924 16469
40647 33790
54995 25860
15618 4645
56930 31622
1204 20540
30018 33354
31676 25583
12333 31047
60680 52532
9194 12514
3016 24795
30754 13434
41524 42034
33713 24045
37120 43415
29143 60442
47936 14471
10461 46506
27600 15606
27510 16459
4629 46192
60770 28051
28956 46327
21694 40352
35575 50200
45167 42192
63315 25075
56094 45211
18747 49917
56118 35540
63192 47631
48442 10104
44881 44930
22795 63557
14229 45825
6528 11827
52225 44741
27809 54307
41958 33264
60971 40651
45274 14510
55965 60206
58536 7106
57956 48071
1538 52817
7020 37772
57510 17786
55991 34565
42284 33401
36418 51372
32553 22788
62653 49333
35286 54922
8055 4979
32229 36381
35336 38049
37575 34700
43016 53913
30725 63372
18012 50624
42192 46465
52340 32598
62620 8860
29965 40932
52936 58118
45752 10311
45620 11979
26555 26583
39108 29471
428 54926
59315 51657
59961 32661
26276 50001
57739 36674
55930 40358
63932 11475
3008 4598
24001 47881
27069 21836
30536 58315
27635 47315
31219 30733
50473 24883
2911 27190
22993 27122
53854 21010
24764 21081
12018 18592
27174 41651
9557 47846
52194 50551
21389 11239
4284 6948
59920 9481
61405 3702
7872 45823
47180 35225
23241 36999
14163 18983
50389 762
12231 20608
11252 2088
56122 24635
42680 47956
58065 32881
49889 24792
35569 24430
54055 60524
40313 47252
28026 61252
54172 39440
58149 20567
2366 34084
38239 43463
1733 25766
53663 18911
34126 24663
21545 59020
58936 24303
1116 38858
10747 24928
60159 58870
56098 30485
23604 35938
43393 33243
38237 53059
55918 32036
39538 57655
41991 34127
14637 26491
48233 22713
43403 19243
53969 32022
27655 22667
36752 56071
10501 31409
35014 61026
35788 11436
5831 19198
1704 90
11825 42655
58475 52758
23194 22471
20209 34196
60852 3588
4854 52438
30708 61311
4282 61368
39059 13420
22502 5885
27120 37922
20002 59719
26667 34409
22200 25854
2811 15051
14030 9590
9899 3223
42665 26211
10540 61735
22336 13301
19745 16702
47313 21667
52206 11043
2971 6895
22694 45592
49010 19536
37584 25842
60797 23895
11499 8309
50813 15483
7086 52532
40251 51047
39918 12682
58723 29276
42508 18807
22090 52079
9467 61700
38438 52534
57774 7393
60143 31436
40170 55272
8102 36477
45692 21813
54053 10049
17309 23965
11053 47678
12708 48124
14042 41073
42176 18764
32575 15811
49643 28674
13645 9637
58815 40821
52647 33399
26458 3848
22469 48598
784 11192
42696 55571
62991 37823
2946 34292
9895 36608
34338 23803
47717 56311
15073 18276
22969 11208
4141 29676
60491 44319
9168 59088
6586 26295
22366 6624
35303 27889
10622 29993
7833 52088
25715 37674
7026 31852
56645 42729
21051 43473
46094 63215
46163 13579
13016 15262
54596 21743
63346 12733
9600 28729
38834 47540
13577 4360
58012 40565
3360 53002
35274 5225
38612 38698
8084 33649
21346 35887
62323 39471
20577 19795
21739 55276
40092 58409
59543 58645
19354 60106
30108 60838
57518 18887
22817 8100
50584 3247
12 37583
11674 62672
61094 61909
8420 1749
26721 56350
27497 27913
13151 22627
44266 46807
50698 43342
31551 19290
32325 41032
57538 50032
30352 39854
14790 61776
27284 31879
26407 29194
58786 54036
47293 50383
6758 25653
26555 13981
40551 16641
45026 59911
48301 48309
1918 55747
16391 32774
56590 54702
19036 41034
55446 21252
47997 33635
45963 22381
8411 11989
43838 2432
46754 44286
3260 19618
934 36063
12311 62127
58493 43381
63481 1870
4946 38624
61329 19844
44241 54930
57251 13131
61348 3258
29374 45506
52967 24047
29584 31688
4366 27536
15678 13198
18340 52690
62627 47862
62297 34752
14985 46920
11471 35428
42407 53770
58256 37680
8295 18336
53668 39172
9583 9061
26930 58315
61620 44524
1182 18944
6202 38678
7325 23631
48721 1725
13965 21610
58438 30602
35516 21331
21876 39096
8407 45641
39350 41598
17405 19590
14616 44458
14096 4858
51633 38979
57456 10813
44479 46042
26567 52188
50360 2340
27456 3381
59766 14249
60051 47401
49739 1319
39266 53403
22280 23389
16219 24879
17862 57338
29563 16459
62084 5442
8946 61348
35450 45366
56596 43364
251 55793
57042 55635
14608 19655
28934 27901
31608 11002
41020 60428
1581 3497
18217 54583
7493 26534
51834 14002
39483 10975
3903 54403
6501 42522
43639 23999
39075 44708
10024 12575
17231 57514
6528 51151
41493 5608
57930 24293
13045 58219
19293 17045
41004 26624
63042 6477
34813 53264
54172 15872
7766 14491
59598 25524
25659 18934
45598 54172
46561 63489
49413 25055
57715 12936
30948 22588
51559 13184
50616 41672
54876 8135
43293 27616
9061 6180
26411 12698
35536 22313
12155 59346
52254 61874
13817 7936
43358 31913
56245 19229
11952 10194
4430 53417
22002 53797
16223 43811
63356 41368
25163 59145
17893 10985
19442 36497
36797 15653
34995 42852
6959 22417
28704 7282
16495 29104
21735 9747
49393 28692
39001 4524
51295 59307
42752 266
4387 33829
26276 22678
1428 35141
17743 49821
20895 3002
32163 14047
33260 10526
41471 60549
12381 56309
741 4542
34036 58168
520 33067
35563 62506
7290 57420
58637 11311
30047 18213
37168 40766
47028 21045
16325 13493
18528 44811
56680 26422
23874 20627
5495 20284
16506 23399
53096 40725
3188 29983
16424 45049
13348 10004
59663 36590
24530 59278
26024 60692
41991 61870
26641 12342
50401 62776
36590 5403
35690 5223
56045 37477
50999 14598
58547 20411
12774 11012
4403 62399
32967 24467
37206 23735
13387 58668
53491 24176
12147 45452
43506 27934
44251 15842
9104 56295
58317 5727
24774 49858
31401 14167
15788 34403
27961 44319
11467 60389
36946 32997
63596 58063
9002 18852
11928 38206
35813 35168
14844 12501
5559 13305
43127 63522
20502 14741
22852 2356
14700 53760
41420 3842
49833 20751
62700 57436
47180 56145
37301 7706
49694 28963
45975 6454
28211 5997
18137 14450
5795 45616
7518 30797
26192 50196
54934 7940
36417 59176
44184 42262
41467 52731
53081 54338
25159 32086
5584 60805
59081 22440
23094 59846
29692 60518
24834 56307
45518 4760
39381 16448
58506 62118
33311 22301
17463 13485
14975 31670
47665 15756
51397 25745
54543 2502
60295 14334
37547 49282
39235 40751
83 5561
17895 40290
37608 55274
11473 14354
1846 60004
29206 54184
27118 50784
32018 36247
36799 42530
21295 59202
27918 1090
24786 36538
19852 56934
33616 26811
57174 3448
40448 35504
48608 29870
40749 38526
24116 62840
19186 49329
16114 50586
39159 19647
18801 35725
9438 35866
63620 46690
13944 25014
32850 61788
10649 8379
17313 11883
41588 52754
8208 11692
16022 61299
49077 17723
16704 26038
21889 62823
63272 51969
1247 9366
26786 6819
30729 35049
37366 26395
63346 25325
30967 1594
8131 46459
57282 45001
48846 9209
58758 63149
24823 57124
38754 48372
23915 45481
32805 48307
17596 28834
33028 19006
48165 59204
47637 55682
14073 60866
61600 55069
51401 3795
16411 7424
45434 53713
22983 36139
38377 24772
29674 38977
3188 52852
55440 32956
45542 23502
18102 32821
15913 56485
11749 53176
41788 28958
63254 24223
2004 55286
29938 19122
29206 33459
12323 6993
62430 48161
24047 41526
23827 60432
60883 35227
49479 33989
14877 29286
44379 16149
63641 45063
39508 43379
20733 43213
45042 29487
5188 36426
45696 18417
20174 49788
48182 63676
30749 38780
58792 52407
50774 34897
29114 16047
36930 52879
31866 29641
59864 29594
850 49778
38467 32518
1055 9131
19276 47852
42846 5653
30985 34274
22319 8368
48106 299
17752 5807
53737 23272
52192 19065
31459 31985
165 9477
4362 38920
28518 62920
15192 4120
9376 48749
37629 16668
23223 31348
32676 39827
6124 56313
12190 33754
19047 13249
3534 21895
25338 53209
33334 18954
14299 22745
24399 26528
60899 56583
43727 14334
7612 22932
27665 29092
22379 27422
62172 29002
54688 53641
24229 33870
19795 50327
46352 60848
13049 15170
34249 51805
16362 41243
19586 30309
62788 4053
25891 54256
1239 7219
13573 10106
19317 48790
54075 30749
42280 26157
19145 47001
62120 13618
23233 22717
26784 10555
9018 23542
63501 54243
34053 5266
50247 23268
32540 7823
13331 25600
34231 907
45106 57252
62444 3219
3805 17602
53221 41323
57501 47311
41592 58149
30190 34887
60983 41104
20010 49856
1733 31819
55569 36571
26741 31510
44411 14643
62245 39977
19596 15995
49717 50213
18422 44536
52889 44657
47249 56475
49899 7049
42465 55247
40563 59932
25571 43059
42780 37764
42397 51088
32043 13665
20430 54268
38108 1776
30278 56727
4743 33258
61260 25846
10645 43911
53110 24932
9454 3405
61819 30522
6907 44161
21592 40321
25104 59833
4934 21745
3915 3432
58866 51112
13501 35063
7252 1442
31954 21293
25272 24881
46086 32151
7993 35766
49313 57733
11092 16299
54686 14448
41690 54852
17040 54893
5307 18893
38260 11338
6954 12551
45688 34840
20340 48788
21645 43997
19211 22202
38075 45301
32811 12463
22317 27139
3463 20364
44016 17413
60288 62499
25133 30770
63030 46571
47096 47481
54028 33325
29079 5930
24297 51090
15397 14727
55739 4973
38030 62452
13477 62659
24266 7030
42321 10833
59487 18708
17348 12245
3053 18686
34620 41385
47340 15354
28012 44792
1872 8159
22180 23971
44608 17094
3639 38967
18336 59823
23985 34530
14196 58413
29221 62920
24327 9713
29221 37350
61639 17338
37317 38022
721 7288
10012 48825
25854 5188
48811 18622
44165 29161
6182 21198
37895 28315
37653 63795
33805 8864
26002 22315
63696 9864
59616 21096
10051 6590
18932 7372
30821 43520
5042 54303
49315 34952
48383 14670
27223 47252
63594 59172
18772 52719
24459 17358
59985 33077
45006 15184
43100 62583
20709 7188
14073 32790
51833 57297
19239 56891
22879 54262
3081 63733
8194 11700
35133 3413
5659 22786
23995 6534
28538 59551
28489 63073
17432 30815
3926 34862
26376 32739
29516 15717
17032 54008
46874 61172
35043 29631
27684 5854
38483 17376
48465 54463
24446 46819
38471 48403
43758 55028
22715 14016
45809 34868
50112 22452
39522 41926
52766 47157
428 58073
42350 24999
9889 61637
57647 38999
56420 46208
13186 60709
49165 18075
15020 2194
49469 34270
13627 27659
54602 55256
63928 18684
43584 58231
62442 63092
3151 57051
39549 29446
3840 26795
4901 33163
44202 18932
39940 48254
53135 17137
19542 22694
24346 11717
40793 31413
32936 34663
44897 32915
44116 57333
30186 43520
32032 4752
46272 39229
62741 44551
23323 15213
27282 60512
34465 24944
22895 4752
21297 52918
44360 38528
28545 55040
47450 43663
41831 20600
6520 38608
26579 5905
4219 57114
30032 57510
39327 63540
48399 39094
38713 62784
33135 47944
15422 18836
58338 27077
26889 59959
63268 26981
3266 8489
23995 42985
59897 57272
32180 50243
19889 30713
46969 58364
40834 12459
14012 39641
47639 33702
53622 926
57491 4110
4034 53122
58938 11376
5819 44295
59106 59411
5397 18424
49028 11131
55688 41760
53110 21903
59889 18825
12717 53588
4364 24024
53883 35231
30676 42891
57141 28350
48735 32956
39495 42885
33063 30229
10499 13741
204 59333
44467 31965
41233 21231
62813 60563
47422 20602
4510 60915
15002 26831
6678 15844
55061 34624
57288 7286
34571 2251
22004 26592
22538 29418
19149 59473
59272 52752
60776 59540
38788 32924
21895 32483
14323 39387
7797 36893
52995 54745
5522 3668
13567 56745
41440 12088
37356 7893
50969 28483
14241 54702
42401 1538
29827 54549
16872 24233
55708 12176
34442 48381
56868 31805
16311 13825
58211 22877
57149 6231
198 5422
5563 25522
13633 37049
46678 2930
47547 31569
20850 32682
56235 27227
44502 48297
63397 22581
39086 61520
29415 1985
30168 1876
55743 36709
38637 18850
20446 59686
18043 28688
10834 31868
4057 7834
7243 34231
34061 6981
55930 43385
2852 43745
25098 12813
36481 63979
54047 17751
14217 1698
21440 61663
36627 63633
38709 6372
21795 52415
38575 55795
35649 30372
16698 15319
50428 49967
20448 60774
33264 36848
34803 23075
18897 47528
11379 50444
44508 3692
62573 38290
48682 21124
42833 48692
60491 51262
11063 5524
12709 17381
28145 55194
17141 59393
15586 7006
52094 21278
49290 11163
27958 35141
22461 56374
12907 55893
11626 61104
48756 8547
23772 60434
42907 2159
10639 22559
62432 32374
44102 12905
44297 34608
2702 47862
15690 29858
7295 36167
30481 9126
59821 45881
19813 2471
59206 15018
42805 42698
56381 39778
47399 21653
2440 38418
11309 45161
3905 52749
21120 4573
19122 49245
7483 58954
9793 33786
38467 41879
57622 46034
57008 62870
52084 15413
28501 61446
59327 4739
24510 7801
18196 55448
56604 44118
1376 32477
18315 20489
7678 26745
61227 23473
11420 49280
35190 7280
2965 22950
46645 61567
42366 21840
61096 1872
60127 36245
27696 8674
3126 45270
51948 41063
59614 59100
46547 7051
25376 16842
50344 16502
41004 34032
5428 10684
34293 53743
54336 14444
33766 35336
19395 49026
31321 54825
22170 55489
23999 42858
9069 18766
899 6350
13036 2344
57182 11719
5397 27565
17235 7752
15819 19563
28932 46092
14391 9811
39040 17372
41848 49307
59743 36934
17889 22370
32284 22217
33651 31083
45745 43739
46292 4333
36942 55711
37700 33502
49452 12290
3329 24766
49752 63438
1161 42028
58506 44415
10792 58467
42956 897
24643 42725
8440 3723
57299 57708
55053 35254
46959 18010
5411 57370
39036 63981
33553 19086
49860 46397
44965 41795
510 39766
5723 28135
14792 58258
58776 20479
63299 60262
1336 43055
15647 15561
33407 49690
42797 33145
47424 55170
63518 3631
9045 48239
32975 34323
43030 20211
23436 42889
22270 27219
39118 43672
25946 44077
51133 4612
56788 39772
2584 40801
63481 32581
13780 14674
2188 42819
25555 12795
23196 21198
6749 1305
4694 54827
27778 1963
55667 32821
46354 50836
57915 33549
51321 1594
61215 39501
26608 35448
49586 49778
61323 19698
60684 28208
3963 48920
8333 53094
10745 54766
62165 42575
42073 50393
38405 61620
41118 47516
63760 8647
534 60098
6446 7766
51292 641
331 48637
35637 11126
4221 7979
42184 10559
18245 2670
21120 25163
51385 32499
21540 19168
54126 14532
913 24252
62225 63102
44668 53590
61610 5428
9897 22536
12409 34856
7200 57924
54088 19725
30643 10006
49737 9862
21840 20997
27458 34702
22170 4260
36895 7020
35108 16110
18877 2305
20692 14243
62200 63758
28098 24793
45512 58895
56366 44006
62350 17801
33221 56551
51284 6995
14047 8448
29182 32913
30963 52618
53622 53038
14038 9069
32407 12639
46626 21700
42215 49129
32829 9725
58376 14073
63081 23735
13762 54784
43862 370
48821 61590
5526 1631
14713 42680
38274 8809
11602 612
54225 37032
34 28413
53643 24452
11469 31342
5260 6047
19938 48239
18747 26057
40803 2528
47290 43024
30659 48829
54307 49485
26362 25204
10286 20276
33176 9020
13741 39452
36045 38444
30297 27848
27989 37561
55909 61266
45629 55112
6188 61264
41842 62868
9870 40598
33524 63610
24395 5270
34497 10764
27624 55213
19526 33627
23674 41592
5469 22247
28872 26731
47557 25897
43852 8678
44784 7217
49756 28374
48432 21936
34577 17458
7723 6249
23616 56709
30590 49803
56067 19084
29575 16325
17735 35413
22856 29846
39860 52690
24389 48592
30090 51012
25188 44454
5561 21129
23719 34114
50108 52631
31426 7795
29602 18739
11377 25618
63411 39749
60043 15592
29981 59077
22190 55243
559 33944
899 30844
7016 34680
56729 32293
13815 26649
45979 57596
36098 36813
4086 989
57887 30899
40157 34678
12434 11215
20606 54209
54672 45075
55936 25461
43807 29852
20637 31254
2020 56665
16204 63606
19315 26670
7292 23584
26471 22004
28981 38811
18131 21334
27188 24573
60012 14036
26172 6565
22245 62997
5200 3258
36827 26047
50311 25893
21217 22024
35213 18094
34042 7434
37317 37114
60930 61770
38870 50700
36479 3436
55241 35583
44334 62307
8315 7602
29409 14903
39018 29440
52206 44192
961 17999
35293 26028
45215 37374
31883 56200
14217 3497
30542 8112
2784 62354
6030 39088
60260 55872
62260 27305
47803 41393
33381 49340
56770 22809
52995 8358
34243 27292
49489 10913
45682 29663
61493 50374
12698 26389
35477 18991
35946 17196
39446 14559
13153 4313
2790 43737
46262 23336
44235 47969
27717 59731
49940 58040
27846 56932
11696 59260
1393 62102
43266 13266
51165 11487
48850 2446
22805 33418
9670 47004
52694 2924
30672 8633
10969 57969
25377 26823
37672 43331
36829 45788
50030 40077
48686 30018
34840 10702
28430 2471
28014 13854
16709 31362
59202 42706
44786 3602
51583 44952
14135 14850
18760 10418
24147 62194
36782 44313
1969 61458
13286 56083
16461 27120
11786 5917
2288 28885
1053 18854
20124 18848
43653 28534
34991 39309
49590 52553
18721 9202
45079 57471
62543 47137
18442 3413
25790 17102
37135 50327
6733 22747
17901 43833
9555 24327
36032 54735
29420 48247
43776 2124
17696 59251
11860 6126
53282 5219
4129 12264
54079 604
47338 13459
58567 6477
10034 51641
27522 61215
56579 44993
3844 35803
34315 30813
28532 31766
23817 38016
10754 11715
26311 51245
38069 36540
58176 48612
44756 19202
34616 63071
28280 49170
8411 57403
51877 5477
17833 10838
7264 24393
45659 7297
39473 27737
47321 19256
7813 5797
38188 9245
36961 28899
5950 42952
20165 17573
22155 11981
583 37362
62844 4211
60747 60258
40342 23786
46149 22747
4137 34739
56942 18497
52920 54225
49792 47655
43721 53399
59823 56782
48190 31903
24713 11409
41995 23977
16905 31209
33336 18213
57934 9813
12614 60917
903 29227
33178 13092
63049 30897
61245 63075
62475 53383
32913 56760
52971 10667
12309 27475
26979 1077
56872 51477
36682 56852
3739 19057
3211 4311
63274 7295
51985 8663
1719 52422
4167 41438
38965 7807
14254 60536
27450 13583
23786 36913
38180 23885
21184 17881
7883 5719
57706 1042
37278 23452
25540 838
18479 30926
4006 17735
53510 57211
27903 36022
21959 31961
19961 16249
15754 413
21432 8272
63051 37997
54797 30946
27272 38586
8602 36411
23239 30366
30426 53038
60458 41311
25958 56977
23514 40319
30211 50340
43594 63946
48864 23999
3131 30772
47711 27018
19586 57395
32258 20717
10344 10051
63428 59338
56733 1850
23397 27362
53174 57647
1559 51422
39458 16540
26608 48879
22141 5969
14749 42987
43071 61483
4038 26702
5030 58084
8834 45108
12514 63239
12403 46479
33627 37479
7602 43956
25112 16657
27741 9844
30485 21801
13530 44555
49323 62620
34163 50153
19655 56610
4540 26536
31487 29805
56594 28241
25452 37135
2756 3874
54579 40428
9536 28167
43198 14018
23241 60651
56954 3991
1805 60967
17969 27059
30756 42797
7102 47038
9293 409
23354 42979
32508 57844
22393 22899
3709 6727
196 61159
50895 54680
47833 21448
25333 30391
15350 3399
40268 19288
54807 22840
7764 59842
16422 27657
3665 18506
55840 39278
58674 25252
42534 49807
53573 27774
63331 40749
44553 62268
59059 9389
32676 54881
56319 48780
15463 47760
56381 47358
38602 47723
19219 14186
61786 7577
28643 19827
60672 34042
52586 54825
50973 52297
24493 11831
8659 45180
43852 29338
12297 32973
13836 59061
5520 15840
50084 46911
17600 4883
18590 37629
48168 43817
48735 57016
6045 27282
59428 41807
60206 49762
16385 55163
864 3153
46526 33782
16684 52928
15501 8653
14114 6954
62327 45407
12848 38915
33178 14325
23415 12370
12274 35946
20885 59430
19903 48311
20711 44065
51573 45829
38684 52030
286 11774
5020 49424
59932 6399
54575 19872
63823 8674
47174 2317
20327 37665
20081 59465
43647 23506
42579 46831
21727 18045
22678 44420
35268 23057
47959 41036
13874 26127
18530 53202
27333 34147
50112 36725
18008 54413
21249 4874
52368 5391
62651 31172
25631 19065
42643 38848
25536 28940
38764 14874
33249 1659
41465 38647
39379 26237
47958 59303
21131 18938
8165 27639
26575 49762
12809 60665
4049 24559
57631 28792
6682 48784
29715 35631
26038 14842
17956 28428
20893 59110
57643 9110
35135 46522
51172 43971
10782 48838
62881 5979
22139 38495
2010 39698
25059 60106
43788 18848
39354 61573
34643 10485
50311 6836
63540 15801
35344 28235
61440 41559
41764 24499
34887 52145
17682 62370
11719 24251
26024 27842
24901 38170
31694 13032
44489 51741
19831 12661
55717 58889
19217 32188
1206 22815
20803 13538
41297 29792
5348 40475
18518 53604
6198 37592
52170 32592
37186 936
61028 33344
3653 38235
12188 50989
2594 40782
38022 52127
41938 56915
43270 2395
32938 37139
56241 36639
45704 20870
50157 1711
17844 10795
40614 1920
58241 28876
17161 25061
23946 47954
3020 23114
24213 37001
56913 61540
17635 5981
63032 55213
28426 32348
19116 48977
43811 27159
28668 48817
30561 54815
3292 41672
28631 4432
9145 41868
55938 2833
47532 34159
38258 47159
11618 35417
10254 55124
17251 16936
33616 26864
57940 37362
14344 44450
13930 8243
17135 58983
53417 18208
42922 23360
23876 61782
59504 620
47536 34807
19336 37946
22958 58495
14418 12288
54743 10112
46321 5586
25372 50288
9333 7665
11170 932
4737 16700
12383 3801
48208 39348
59401 57672
56333 36489
61077 32151
6262 20592
9209 60096
2485 30704
33108 26678
16725 63069
22317 41061
58961 3377
39448 32700
33581 22618
25141 38280
38653 10583
17147 25262
42323 44983
25545 50069
14338 22186
18071 44887
22700 63583
53584 31094
29430 15586
57653 53319
47473 41243
46262 56120
8721 45477
35653 21286
5159 59956
60278 11768
61137 33586
48895 56237
34778 2627
44772 32258
22489 46434
8028 58100
8616 42829
6084 15161
30217 37081
30268 55028
46961 22542
52501 9153
18149 10872
8155 3155
16862 21915
62999 1754
51239 39192
18295 10333
62874 9012
4002 3098
28331 57221
34118 23899
57807 41561
62133 41657
32895 21670
30624 6415
21487 60698
16956 8014
51792 44545
33127 23413
35489 44731
29729 50600
22004 54887
46022 51161
37901 10876
32161 51448
13409 12528
53516 16395
10069 57016
19151 37942
35510 33840
28389 4084
43344 59448
29545 58567
44194 45481
12743 57172
29834 50633
6887 34663
20479 54153
14747 16327
1163 60948
52165 36167
57272 8340
41393 39696
27200 428
44557 21372
6108 20073
11241 10651
58831 28526
38194 668
27903 50667
59174 9542
34698 3862
26899 48301
63711 20475
17143 57444
59952 61965
36938 34116
17467 22643
54920 27911
16995 17030
35778 35309
10735 854
48848 46721
16247 19667
40825 20178
5467 43083
46590 35631
22876 38649
44184 19877
10747 11336
35879 122
3565 22661
9405 20153
41540 43418
41270 37151
17252 38059
4233 21112
21440 6668
36883 62907
57883 62604
21356 8958
13434 15715
59167 28549
33163 11227
63165 31747
10633 30225
7631 47965
7301 57772
42485 59139
55036 4655
29614 53524
3768 36747
11344 10141
44270 14001
17018 3815
8043 37071
13713 12864
58348 35549
7071 3405
42358 11833
10262 272
54418 26622
15067 14588
56458 4030
3098 49930
17504 42333
3124 57139
18340 28329
40532 59752
55270 9334
48924 55
13018 56803
37817 39758
52758 51567
10479 33307
29256 44700
53897 59813
39147 24012
30862 27600
10329 60172
170 45389
50493 46438
26971 22108
40766 6040
61221 61309
489 53155
18274 48237
29110 21538
35588 59497
7211 22756
15561 57368
38657 28063
28495 50727
23866 55881
45686 16606
50211 18930
622 60376
53545 44956
56329 44538
52840 5112
28834 60170
51971 23944
20741 10971
14612 1002
62948 3942
30252 46098
50487 8694
53354 50155
10477 31374
37624 37713
4209 33219
39407 35038
21374 7745
24211 11870
370 22538
38362 38784
12790 63692
31766 2188
41993 866
57821 42938
33821 22952
8428 36579
33432 6395
58147 49213
62262 22112
15467 22991
61108 59047
35208 49233
1346 18360
58036 59163
42262 40219
47126 34286
4510 41239
51920 14372
21704 60530
57036 45077
40127 36387
54288 47182
28567 35583
39833 5469
40274 5303
54442 11202
5051 5702
32911 44247
57465 57079
28567 52823
63180 47690
2930 24854
45418 52165
2479 32979
45547 34575
40553 11151
31790 54106
58377 12893
54063 11364
51206 5159
42934 53305
29596 11827
26711 34790
29815 44817
36651 50762
35350 60831
26297 53059
23571 21723
34936 53831
63489 40493
25192 17608
38668 50897
8729 47967
9243 6694
18092 34848
19063 48516
26665 8477
41975 44352
14760 45920
25215 53674
27825 16268
19934 33172
40782 58436
36846 14127
50487 29598
999 29401
18313 34239
19680 60049
20868 15833
57432 47573
38827 9147
206 49776
61889 59180
34627 10262
3870 60704
20411 51553
41911 60456
21866 57833
41809 59932
36551 33301
27489 52827
63055 2184
36579 39079
17883 40342
40127 45559
3491 36510
60438 23368
53424 29170
13026 35772
48600 13040
46711 30751
18698 61192
11827 60186
50690 40793
46549 47655
18485 24477
15368 30872
19704 35329
45665 44735
5577 35508
24432 59006
1967 12493
45098 32620
47522 48936
50501 50612
30938 38172
21959 29668
25372 19323
48497 46315
21956 26042
26172 5715
44444 38891
49542 25096
58993 23319
29241 57817
21057 3286
45700 4034
49409 24504
36981 50014
45290 21307
10731 50059
26690 17141
18282 61069
47731 32678
56842 11706
13208 3563
33854 40219
50223 41778
23436 58858
18969 62637
52979 14936
40620 7405
33854 46502
48360 3528
34254 18659
47530 28518
36143 6475
50901 19432
14352 58557
31071 57995
55788 39217
7995 37338
12764 59280
37622 40372
8469 53518
27678 3772
8549 38700
42561 25602
32819 58270
63368 18551
53092 3663
57036 2803
63157 46217
24618 60530
6844 13747
50690 30006
50251 45708
23862 9354
52075 29006
10434 19905
62067 20434
55167 27204
61627 53717
7182 13612
8512 1198
983 20555
63668 135
14604 46395
14192 1647
30891 37918
10426 40247
55885 53448
31157 38036
48358 3592
2958 37504
38459 7616
35649 60965
41483 3418
11883 42598
44774 33167
40860 55141
57747 34526
54151 61188
55034 47532
53674 51122
58764 51081
57774 53663
61952 19051
39424 49061
39030 50042
54584 38887
1493 8735
22637 46471
24674 4901
60989 45954
11639 60004
3782 41963
16211 31448
30715 41928
59122 444
12024 15001
3284 17502
7555 27608
22186 51553
37979 9645
51422 60682
30127 45264
37333 6499
38454 2313
12786 50135
44618 34391
22069 47856
13198 1524
12918 56305
17530 47467
37663 5368
25663 59643
49499 56670
56446 57692
19887 61690
39741 4645
47083 21501
26758 62741
29776 26141
20520 43848
47866 39604
8438 36522
366 56458
43034 63678
26420 36081
56770 48913
3456 12538
25012 57411
32456 42065
35114 41520
12352 2192
43631 16920
21561 56481
31649 27430
56618 6897
20258 56438
13959 11795
16124 10952
823 59543
53209 290
5260 35760
16606 11374
35297 14186
54495 34661
13200 49170
48235 62706
22876 59793
34571 55333
4399 43608
49973 61440
5655 57999
11090 15438
21116 15190
21346 38293
15737 8848
53647 57217
59985 2329
39209 21959
21983 44551
16532 43752
22778 35475
26479 6856
12756 15233
47485 26739
59149 62864
40899 24881
22688 10684
16438 50211
21381 44274
59780 1157
39409 26104
40268 58317
15143 20770
28751 33782
46309 51864
55547 35047
62241 32459
46518 9583
9292 11241
39293 55999
27354 12235
45600 27862
63508 58184
45723 60118
801 39532
57092 32147
4129 19047
58995 45452
49282 58069
35405 57948
1075 26360
45959 48903
38631 17610
11024 8493
41774 40555
16918 37973
40561 55708
59251 46491
21918 51735
30368 34512
43422 15446
20959 1877
36200 1415
13749 22479
54946 27209
63342 35567
37077 274
40192 23678
20997 42411
32668 63196
13506 9907
37282 21518
8319 47260
31018 50877
49711 12569
15795 52758
11293 60504
41049 30958
7917 28936
50452 19260
22684 43174
6737 29751
51110 47838
12667 51735
48385 40346
50124 35301
21782 60030
15307 17499
2174 42883
56079 5133
44684 3924
33424 28215
56461 17188
33038 41993
49577 7346
45026 27653
41043 38950
33756 33606
5973 29292
51807 59430
1842 18901
20061 36420
37899 53663
43913 62768
63672 44559
55602 59366
34635 3032
36680 28239
44971 57983
58592 15596
37473 12383
51393 1516
40567 21520
10575 34243
58461 38864
40032 63124
52417 59557
45153 44161
35153 23538
10022 28190
12362 270
32758 37686
49362 29127
28981 18192
4872 45374
5389 54377
41909 33778
45475 48709
49807 7870
13364 12772
47374 20792
37766 41176
21155 61803
54073 30133
52842 44387
42557 2622
21788 60002
8723 14202
56659 15446
63752 53432
62209 43842
35098 62942
7176 39266
53196 47094
3307 24983
8295 8299
5504 25309
27430 61946
19102 63120
57489 23944
4262 40948
442 36924
43499 63741
22667 57022
26325 1221
52415 23321
57030 63877
7391 3903
7575 38583
22473 28528
61616 45842
43543 53940
31653 16651
41444 27792
63307 46991
20075 49206
60711 43954
48594 15954
63040 53469
3760 36256
58155 3688
20387 35215
55379 61959
55940 25868
55399 19461
15233 50872
35278 53434
57276 48797
34616 1049
34233 59073
12815 6905
52504 59528
11485 62139
17940 42573
35959 17172
27176 8016
61948 18079
43096 30475
29307 4575
12417 15448
36946 11637
15393 5981
24840 40743
5668 13985
53188 26743
10217 46151
16674 10344
27446 2516
31881 18237
45397 53641
15803 16833
58086 22409
13499 17629
53961 40459
48860 60208
46493 45251
32516 22842
56879 3719
36854 10752
54889 28610
168 55961
23819 33383
1932 6792
27575 11784
43198 4983
61891 12014
26122 60438
15663 59543
18606 17575
36405 58530
26083 23342
25840 53885
60403 38815
31612 51946
47862 40448
5114 37784
46352 28942
51459 27131
57633 19733
25561 22940
32729 29114
48342 34555
60456 37969
29077 29530
57067 11149
23848 40043
35024 18461
28131 37961
12903 23286
9510 56516
4411 24811
58512 44612
44538 55917
55561 59751
50825 18653
12075 29590
53774 11360
35670 8124
18356 41413
53501 28479
46676 33586
35713 30362
55729 52053
21038 52090
40315 45991
46501 13293
15049 60831
51254 46208
41520 33124
48545 61604
10555 47036
59792 19348
33627 42456
40801 37575
25370 44751
62108 18501
35231 34122
13422 36840
38247 12598
54233 16879
38934 26663
56502 8137
30325 63487
29516 33680
22098 26793
28834 53051
63872 30364
3381 37821
29588 63139
2655 61772
49042 31971
46067 19700
8532 3987
12397 28842
30624 54583
3385 38938
35061 55040
3438 24903
34782 21766
57467 56137
37067 17165
44850 16448
51819 32126
15516 60620
36952 56141
38153 45575
26920 61055
14551 46190
18370 40418
10059 1727
50905 22491
18168 26877
56987 6852
29229 9454
46967 62651
25280 28688
11225 26467
3014 24157
41446 61801
30868 57352
53016 46200
58217 43838
58553 7989
58735 42079
54547 26651
33833 40850
23137 26805
10256 11305
7012 55836
5797 61647
55432 3129
33126 52442
63370 54936
51751 46538
5797 10877
2108 55627
13079 36045
23770 9426
21485 14756
31786 9477
44858 15918
33135 1575
33370 60014
37317 16831
45434 33727
47065 51344
18717 54182
7176 30510
58295 16809
5477 15946
15922 36838
27909 13055
46434 6415
9733 49196
19262 41342
60879 8491
47098 39454
7391 21258
9649 60598
47026 62065
14549 6258
60954 2403
57376 52795
19604 51999
54801 60319
48620 18745
48868 51167
32942 9247
28379 44040
13030 40008
61436 57729
35186 29235
57067 42493
6024 7262
42020 41043
5053 31616
14653 17163
5387 28682
5950 37954
32581 8022
49682 55698
31596 39293
51678 39350
23879 53809
28213 21659
16579 12721
63547 43905
53876 55813
8561 12272
452 20944
62532 23834
23069 60092
20042 24178
16284 14042
52987 58641
26280 39684
41737 43182
46833 23948
5401 60870
25393 22354
53233 46002
53303 24194
39147 53850
42124 2338
29376 42022
12100 21663
37231 41454
38749 20106
7014 27036
23567 60342
37036 45842
62870 26098
31762 41006
44747 9071
53086 57211
16157 40487
48735 9807
14127 29286
35782 23551
7100 32918
57307 10977
48389 58780
30163 8389
7762 34264
17868 3471
7161 39442
22643 4540
30524 32372
22551 45405
25764 57020
51776 43860
56838 35821
26012 39807
31969 8858
6999 26993
37977 49663
32157 32376
38739 15653
11374 41122
31782 27176
32897 37219
60983 41202
44354 13719
27417 53616
18907 30610
40305 157
20522 46299
34114 57965
62368 48737
33754 33768
4342 20159
49926 12682
23717 5448
26575 57641
48913 10137
38479 45452
34401 62012
8959 53479
42717 34366
41715 14938
27622 12858
60792 16836
12368 36012
44651 22526
45094 55329
60401 8876
49360 33032
40120 4084
39786 63432
41317 56104
52827 51920
37526 1702
6674 53588
45008 26133
56278 37463
15596 27448
57495 50385
45643 55424
50360 58485
11126 31116
55489 56321
10834 57042
5600 41598
23729 35979
26161 61559
34387 36403
31161 56956
56594 58534
16 29678
29055 63024
29584 3997
37227 4254
55321 51420
3286 26274
63547 41202
2206 51344
48852 26444
25975 7124
26610 31842
33926 50477
58637 25065
7208 49895
25963 53725
13356 52559
2721 50018
63020 38012
5182 52948
20784 44469
33899 30204
56139 57749
14977 49647
40567 44817
46475 46434
40743 33981
43934 63749
57883 47686
23014 21182
11200 45940
49280 16717
35485 6383
5088 24342
42825 42956
59620 57305
26436 49200
8024 42967
56626 48206
29694 31305
38879 31147
7659 47024
40063 18475
23122 15301
36774 21715
63088 31149
19786 63899
19159 58413
12649 620
63415 32385
42389 3713
47444 28049
4356 41557
58495 59944
35168 50004
10745 7661
55815 23942
21700 952
58856 59463
27717 30483
57766 24674
4655 14196
56387 41129
15647 45297
44522 45877
43995 3879
57639 145
49200 50167
50715 38647
12108 29370
8186 13506
23180 10196
40043 30813
51895 50948
54043 25805
27270 7282
34034 38674
59512 35559
2426 4991
24790 45856
56778 18762
7126 38563
6495 10112
51436 26639
23684 51583
17659 5479
42102 43069
38042 16397
22241 53368
63540 61751
32547 4362
25325 45678
24751 39823
57456 10473
45327 8844
2633 10571
57084 45887
15108 22167
48877 37473
10698 62456
55438 21473
33944 20506
61338 13051
60381 13749
51077 23215
23930 4090
51290 43991
59432 63659
43084 62231
22284 24172
38506 4047
3227 27930
7118 55862
4233 10426
10711 48084
45534 16596
40149 11424
21764 20686
40319 15815
1243 63735
1225 57965
30366 18704
25192 27551
9133 53208
56211 6006
43793 11889
13391 31959
50618 4415
14545 35292
40803 37075
23915 33809
52489 14049
17985 14549
7911 58251
3461 41717
61672 45840
21354 13229
54143 32323
47178 55903
43979 16307
49301 21258
21780 14862
51399 31942
10850 48510
13043 28790
1112 49850
14411 12504
26112 61793
47120 17958
21186 35438
25192 43118
28719 41547
22137 58614
4557 13686
4167 63907
47516 28946
25524 60096
50040 52321
27956 33352
39973 22702
18282 10965
19456 38483
22122 28032
58948 48819
11725 2754
28381 24479
37928 62376
43430 14342
60247 37731
48907 37524
25081 12420
1290 49104
6055 4631
32374 57502
60479 27549
8034 55471
63930 14424
40133 34711
8971 22247
21545 2108
5973 8053
62299 11610
24096 39852
24850 1709
18354 44186
36487 28573
32844 16305
48848 44768
30065 50971
2573 5641
60395 31895
11077 29307
9665 1780
9442 48266
50877 27012
10452 22643
14038 2961
29733 25063
16116 5907
54028 51133
53133 37592
10596 17567
376 24418
47737 57922
26725 5225
60440 41969
53124 25745
51149 28690
53155 57639
3676 2881
17766 36188
28211 29413
38086 14590
31479 7077
32407 16895
54008 28098
19252 35559
16530 13241
14600 11620
17504 12549
7208 51504
51766 33725
50084 14463
36299 20106
26073 4614
37135 56295
21555 5631
47374 15397
34295 47
42336 5881
13395 27180
45840 86
45387 49692
37586 2327
20436 42768
11698 34637
684 47917
16354 18139
48704 29405
36575 44040
34090 43311
62114 24239
32170 45202
10483 47581
40833 38442
39102 47713
13501 17120
20569 44586
22206 21604
59063 13563
12809 16725
53862 4167
54327 38571
59997 10448
32401 63932
28020 22975
8879 48340
32911 20450
5530 34758
22088 10952
49874 10883
571 8807
9145 57073
3243 57079
50383 14905
4254 53680
36639 50348
9545 3124
41307 61579
34491 3885
34598 9403
20684 17395
28114 16311
33821 8659
11559 8163
28735 56493
7588 48483
35542 63397
26751 51401
52909 7049
56590 23200
54459 43415
58846 30497
34293 59493
44797 21047
49635 33686
10717 39176
58612 33788
59461 1834
23143 58602
42178 25272
10971 25186
6147 20348
62811 43717
14739 58461
6612 1983
49499 34102
8973 9501
32356 62032
61655 19258
37971 7086
25227 49083
30180 32614
27852 24633
24596 53518
25174 26012
11309 43946
47344 24018
27725 45588
3174 16001
35532 34616
55401 31362
55778 29219
53094 20670
24088 19811
59174 58403
11997 39807
11061 41311
20409 23073
40452 16418
55190 21971
2209 627
10874 48045
58399 41973
8493 45315
35428 24483
9551 26219
40321 30674
56104 48163
54118 59663
22965 60694
28401 42913
40047 5317
58936 43608
22827 5913
50456 45626
44917 7805
46545 50178
54793 47426
62684 14036
30622 62635
20372 27399
35221 41635
28420 9401
49147 60540
9342 23208
3909 47540
4879 40774
21297 39725
30647 3202
852 2495
45911 30743
33444 41627
60483 28401
14991 13954
48745 13188
2284 6659
12801 24983
4959 51223
56745 51028
51579 29959
46065 42042
55840 61209
58159 1965
915 17141
45993 37333
31909 60176
48866 28251
14448 20047
12313 23030
5387 9481
39129 58418
41651 36497
5512 59469
53190 51338
4342 57038
34071 42032
37581 32899
61682 16561
35786 14477
42075 61676
34770 49233
51420 60317
51368 40637
63598 25676
338 35799
61905 57872
26383 50708
28895 49256
57303 23090
44336 344
40260 2918
49295 48368
51186 18512
18356 46456
11305 48292
33948 35438
56774 48135
44805 38278
15461 16383
18565 7122
60852 46444
14465 16983
37055 29042
54188 47
36969 42083
20817 10598
47543 2153
39926 58575
28182 63620
36786 53751
28266 19391
11704 50536
45801 21276
47489 55417
1196 41975
55024 34993
40151 12696
62993 26676
3692 42403
33704 29981
7309 28682
11057 28461
7239 50223
30631 12264
39860 18952
21889 31305
36213 45762
28518 21081
1651 61889
16889 7092
38618 21895
46645 45901
42534 62292
9405 60809
20838 21780
29610 18165
33118 1118
29477 26292
62397 24616
84 35042
31522 33245
56590 61979
18696 63389
27561 47180
54120 49209
24432 6665
63770 62631
13100 34454
46297 44965
25626 55241
25042 36153
58081 29708
53194 19629
12497 2448
6059 4815
8959 54520
14461 41233
17813 62633
57258 18256
34004 30946
15002 32471
63538 1495
46706 24665
56059 53260
31737 44452
13579 35831
50850 36510
25290 59719
8334 58450
10542 45290
49278 16303
7924 56309
1975 19651
24475 40126
11450 58348
27020 60483
18098 38907
49626 28940
55467 34481
39198 20930
45151 58485
53182 54440
38811 47833
47405 33311
33334 5811
60032 13178
53094 30569
29655 20014
9362 51231
53502 27317
30817 21647
3780 25905
7204 9752
12122 24362
104 36565
36188 42075
6834 62797
18362 60926
27469 41106
2602 61590
8993 47950
55389 46471
40561 29092
60819 47249
53918 4711
3815 19063
42905 12141
43456 3321
56114 56243
30446 13118
16661 49401
10698 23301
31086 11126
25038 31149
25374 61313
43049 57668
10104 29100
5036 55530
4721 3360
42092 41622
26940 46823
16333 36227
9260 15811
51219 62836
48626 11612
42020 46567
19186 37471
8401 57221
42202 27204
47131 30969
11071 35442
18922 56653
49467 27497
31393 40709
36622 18856
60145 28739
13723 2301
25981 61668
53432 28643
14243 12565
62538 7094
34266 10069
19725 39264
28969 38440
30479 20766
44563 24245
61106 28473
54391 23653
13877 35372
50883 28376
5313 23065
27647 28213
37569 57881
17680 40243
12967 56620
1700 38614
49647 23922
44606 6985
327 39260
26075 47571
52215 7547
27258 834
30026 51393
35627 45778
48133 22963
29928 6881
5836 37471
3274 53653
59768 58295
26352 6813
15413 51729
36758 1094
27749 21334
32463 38672
41036 31946
35391 31223
37706 45280
55137 40600
62379 61186
58803 12139
