1.0
1.3065629
1.4142135
1.3065629
1.0
0.5411961
0.0
-0.5411961
-1.0
-1.3065629
-1.4142135
-1.3065629
-1.0
-0.5411961
0.0
0.5411961
1.0
1.3065629
1.4142135
1.3065629
1.0
0.5411961
0.0
-0.5411961
-1.0
-1.3065629
-1.4142135
-1.3065629
-1.0
-0.5411961
0.0
0.5411961
1.0
1.3065629
1.4142135
1.3065629
1.0
0.5411961
0.0
-0.5411961
-1.0
-1.3065629
-1.4142135
-1.3065629
-1.0
-0.5411961
0.0
0.5411961
1.0
1.3065629
1.4142135
1.3065629
1.0
0.5411961
0.0
-0.5411961
-1.0
-1.3065629
-1.4142135
-1.3065629
-1.0
-0.5411961
0.0
0.5411961
1.0
1.3065629
1.4142135
1.3065629
1.0
0.5411961
0.0
-0.5411961
-1.0
-1.3065629
-1.4142135
-1.3065629
-1.0
-0.5411961
0.0
0.5411961
1.0
1.3065629
1.4142135
1.3065629
1.0
0.5411961
0.0
-0.5411961
-1.0
-1.3065629
-1.4142135
-1.3065629
-1.0
-0.5411961
0.0
0.5411961
1.0
1.3065629
1.4142135
1.3065629
1.0
0.5411961
0.0
-0.5411961
-1.0
-1.3065629
-1.4142135
-1.3065629
-1.0
-0.5411961
0.0
0.5411961
1.0
1.3065629
1.4142135
1.3065629
1.0
0.5411961
0.0
-0.5411961
-1.0
-1.3065629
-1.4142135
-1.3065629
-1.0
-0.5411961
0.0
0.5411961
