1.0
0.9238795
0.70710677
0.38268343
6.123032E-17
-0.38268343
-0.70710677
-0.9238795
-1.0
-0.9238795
-0.70710677
-0.38268343
-1.8369095E-16
0.38268343
0.70710677
0.9238795
1.0
0.9238795
0.70710677
0.38268343
3.061516E-16
-0.38268343
-0.70710677
-0.9238795
-1.0
-0.9238795
-0.70710677
-0.38268343
-4.2861222E-16
0.38268343
0.70710677
0.9238795
1.0
0.9238795
0.70710677
0.38268343
5.5107286E-16
-0.38268343
-0.70710677
-0.9238795
-1.0
-0.9238795
-0.70710677
-0.38268343
-2.4498903E-15
0.38268343
0.70710677
0.9238795
1.0
0.9238795
0.70710677
0.38268343
-9.803627E-16
-0.38268343
-0.70710677
-0.9238795
-1.0
-0.9238795
-0.70710677
-0.38268343
-2.6948116E-15
0.38268343
0.70710677
0.9238795
1.0
0.9238795
0.70710677
0.38268343
-7.3544144E-16
-0.38268343
-0.70710677
-0.9238795
-1.0
-0.9238795
-0.70710677
-0.38268343
-2.9397329E-15
0.38268343
0.70710677
0.9238795
1.0
0.9238795
0.70710677
0.38268343
-4.9052017E-16
-0.38268343
-0.70710677
-0.9238795
-1.0
-0.9238795
-0.70710677
-0.38268343
-3.1846541E-15
0.38268343
0.70710677
0.9238795
1.0
0.9238795
0.70710677
0.38268343
-2.455989E-16
-0.38268343
-0.70710677
-0.9238795
-1.0
-0.9238795
-0.70710677
-0.38268343
-3.4295754E-15
0.38268343
0.70710677
0.9238795
1.0
0.9238795
0.70710677
0.38268343
-6.7762636E-19
-0.38268343
-0.70710677
-0.9238795
-1.0
-0.9238795
-0.70710677
-0.38268343
-3.6744967E-15
0.38268343
0.70710677
0.9238795
