1.0000229
2.0000267
3.0000267
4.0000286
5.000025
6.0000286
7.0000267
8.000029
9.0000305
10.000027
11.000027
12.000027
13.000027
14.000027
15.000023
16.000021
17.00002
18.000021
19.000017
20.00002
21.000017
22.000015
23.000015
24.000013
25.000013
26.000013
27.000011
28.00001
29.000006
30.000004
31.000002
32.0
33.000008
34.000008
35.000004
36.000004
37.0
37.999996
38.999996
39.999996
40.999992
41.999992
42.999992
43.99999
44.999985
45.99998
46.999977
47.999973
48.999985
49.99998
50.999977
51.999973
52.999973
53.99997
54.99997
55.99996
56.99996
57.999954
58.999954
59.999954
60.999954
61.999947
62.999943
63.999935
62.999977
61.999973
60.999973
59.99997
58.999977
57.99997
56.999973
55.99997
54.99997
53.999973
52.999973
51.999973
50.999973
49.999973
48.999977
47.999977
46.99998
45.999977
44.999985
43.99998
42.999985
41.999985
40.999985
39.99999
38.999985
37.999985
36.99999
35.999992
34.999992
33.999996
33.0
32.0
30.999994
29.999992
28.999996
27.999998
27.0
26.000004
25.000004
24.000006
23.000006
22.000008
21.000008
20.000011
19.000015
18.00002
17.000023
16.000027
15.000017
14.000019
13.000021
12.000027
11.000027
10.000029
9.000032
8.000036
7.000038
6.000044
5.000044
4.000046
3.0000458
2.0000534
1.0000572
6.484985E-5
