0.0
-1.0000001
0.0
0.9999999
0.0
-0.9999998
0.0
0.9999996
0.0
-0.9999998
0.0
0.9999994
0.0
-0.9999988
0.0
0.99999696
0.0
-1.0000002
0.0
0.99999994
0.0
-1.0000002
0.0
0.99999946
0.0
-0.99999964
0.0
0.99999946
0.0
-0.9999988
0.0
0.99999595
0.0
-1.0000005
0.0
1.0000001
0.0
-1.0000001
0.0
0.9999994
0.0
-0.9999999
0.0
0.99999934
0.0
-0.9999981
0.0
0.99999213
0.0
-1.000001
0.0
1.000001
0.0
-1.0000017
0.0
0.9999998
0.0
-1.0000019
0.0
1.0000024
0.0
-1.000006
0.0
1.0000155
0.0
-0.9999987
0.0
1.0000013
0.0
-0.9999996
0.0
1.0000024
0.0
-0.99999994
0.0
1.0000006
0.0
-1.0000014
0.0
1.0000055
0.0
-0.9999994
0.0
0.9999996
0.0
-0.99999934
0.0
1.0
0.0
-0.99999964
0.0
0.99999934
0.0
-0.9999993
0.0
0.99999964
0.0
-0.9999997
0.0
0.99999964
0.0
-0.9999996
0.0
0.99999976
0.0
-0.99999964
0.0
0.99999946
0.0
-0.9999993
0.0
0.9999989
0.0
-0.9999997
0.0
0.99999946
0.0
-0.99999934
0.0
0.9999992
0.0
-0.9999992
0.0
0.99999887
0.0
-0.9999983
0.0
0.99999547
