0.0
-1.4901161E-8
-2.9802322E-8
-1.7881393E-7
-2.9802322E-8
-2.3841858E-7
5.9604645E-8
-1.1920929E-7
3.2782555E-7
-2.682209E-7
3.2782555E-7
-2.682209E-7
2.8312206E-7
-5.066395E-7
5.5134296E-7
-6.7055225E-7
4.4703484E-8
0.0
1.9744039E-7
-2.8312206E-7
1.6391277E-7
-2.7846545E-7
2.30968E-7
-4.3865293E-7
3.2316893E-7
-1.4714897E-7
-3.7066638E-7
1.4215475E-6
-3.9307633E-6
8.77108E-6
-1.9177241E-5
3.9494385E-5
-8.0108606E-5
1.5476247E-4
-2.9170292E-4
5.3798396E-4
-9.695126E-4
0.0017070275
-0.0029365257
0.0049346914
-0.008100104
0.012984715
-0.02032581
0.031063043
-0.0463395
0.0674619
-0.09581908
0.13273719
-0.17927703
0.23596214
-0.3024947
0.37745416
-0.4580644
0.54007626
-0.6178357
0.6845729
-0.73293495
0.75572777
-0.74680054
0.701946
-0.6196817
0.501764
-0.35332352
0.18255925
0.0
-0.18255685
0.35332152
-0.5017615
0.6196796
-0.70194435
0.7467988
-0.7557262
0.732934
-0.68457234
0.6178349
-0.5400753
0.45806342
-0.37745318
0.3024935
-0.23596059
0.179277
-0.13273904
0.09582046
-0.06746325
0.04634066
-0.031063665
0.020326175
-0.01298494
0.0081001865
-0.0049348194
0.002936704
-0.0017069787
9.694664E-4
-5.377325E-4
2.9158537E-4
-1.5448665E-4
8.0108606E-5
-4.0619583E-5
1.9950428E-5
-9.5589785E-6
4.692236E-6
-2.0664884E-6
1.0267831E-6
-3.5064295E-7
1.3038516E-7
-2.188608E-8
6.053597E-8
6.519258E-9
1.3783574E-7
-1.1175871E-7
-7.4505806E-9
1.1920929E-7
-7.4505806E-9
-7.4505806E-8
-5.9604645E-8
5.9604645E-8
2.0861626E-7
-2.3841858E-7
1.7881393E-7
-5.9604645E-8
1.1920929E-7
-1.4901161E-7
3.5762787E-7
-3.5762787E-7
5.662441E-7
-5.364418E-7
5.364418E-7
-6.7800283E-7
