0.0
1.5544357E-15
-2.106349E-15
3.9368838E-15
1.1637825E-14
4.748482E-15
-1.4697896E-16
6.2847727E-15
-63.999977
-6.2847736E-15
1.4697917E-16
-4.748481E-15
-1.1637825E-14
-3.9368838E-15
2.106349E-15
-1.5544351E-15
0.0
1.5544357E-15
-2.106349E-15
3.9368838E-15
1.1637825E-14
4.748482E-15
-1.4697896E-16
6.2847727E-15
-3.6495513E-7
-6.2847736E-15
1.4697917E-16
-4.748481E-15
-1.1637825E-14
-3.9368838E-15
2.106349E-15
-1.5544351E-15
0.0
1.5544357E-15
-2.106349E-15
3.9368838E-15
1.1637825E-14
4.748482E-15
-1.4697896E-16
6.2847727E-15
-3.6196548E-7
-6.2847736E-15
1.4697917E-16
-4.748481E-15
-1.1637825E-14
-3.9368838E-15
2.106349E-15
-1.5544351E-15
0.0
1.5544357E-15
-2.106349E-15
3.9368838E-15
1.1637825E-14
4.748482E-15
-1.4697896E-16
6.2847727E-15
1.7166138E-5
-6.2847736E-15
1.4697917E-16
-4.748481E-15
-1.1637825E-14
-3.9368838E-15
2.106349E-15
-1.5544351E-15
0.0
1.5544357E-15
-2.106349E-15
3.9368838E-15
1.1637825E-14
4.748482E-15
-1.4697896E-16
6.2847727E-15
0.0
-6.2847736E-15
1.4697917E-16
-4.748481E-15
-1.1637825E-14
-3.9368838E-15
2.106349E-15
-1.5544351E-15
0.0
1.5544357E-15
-2.106349E-15
3.9368838E-15
1.1637825E-14
4.748482E-15
-1.4697896E-16
6.2847727E-15
3.6495513E-7
-6.2847736E-15
1.4697917E-16
-4.748481E-15
-1.1637825E-14
-3.9368838E-15
2.106349E-15
-1.5544351E-15
0.0
1.5544357E-15
-2.106349E-15
3.9368838E-15
1.1637825E-14
4.748482E-15
-1.4697896E-16
6.2847727E-15
-1.5453832E-6
-6.2847736E-15
1.4697917E-16
-4.748481E-15
-1.1637825E-14
-3.9368838E-15
2.106349E-15
-1.5544351E-15
0.0
1.5544357E-15
-2.106349E-15
3.9368838E-15
1.1637825E-14
4.748482E-15
-1.4697896E-16
6.2847727E-15
63.99996
-6.2847736E-15
1.4697917E-16
-4.748481E-15
-1.1637825E-14
-3.9368838E-15
2.106349E-15
-1.5544351E-15
