0.0
-6.2948765E-15
-3.962061E-15
-1.2169216E-16
-1.2560736E-15
-2.0550931E-15
-2.8157419E-16
-5.5902835E-16
-1.2397766E-5
-5.590291E-16
-2.8157525E-16
-2.0550934E-15
-1.2560734E-15
-1.2169254E-16
-3.96206E-15
-6.294871E-15
0.0
6.2948765E-15
3.962061E-15
1.2169216E-16
1.2560736E-15
2.0550931E-15
2.8157419E-16
5.5902835E-16
-5.9850827E-6
5.590291E-16
2.8157525E-16
2.0550934E-15
1.2560734E-15
1.2169254E-16
3.96206E-15
6.294871E-15
0.0
-6.2948765E-15
-3.962061E-15
-1.2169216E-16
-1.2560736E-15
-2.0550931E-15
-2.8157419E-16
-5.5902835E-16
-2.1576852E-7
-5.590291E-16
-2.8157525E-16
-2.0550934E-15
-1.2560734E-15
-1.2169254E-16
-3.96206E-15
-6.294871E-15
0.0
6.2948765E-15
3.962061E-15
1.2169216E-16
1.2560736E-15
2.0550931E-15
2.8157419E-16
5.5902835E-16
6.67572E-6
5.590291E-16
2.8157525E-16
2.0550934E-15
1.2560734E-15
1.2169254E-16
3.96206E-15
6.294871E-15
0.0
-6.2948765E-15
-3.962061E-15
-1.2169216E-16
-1.2560736E-15
-2.0550931E-15
-2.8157419E-16
-5.5902835E-16
2.861023E-6
-5.590291E-16
-2.8157525E-16
-2.0550934E-15
-1.2560734E-15
-1.2169254E-16
-3.96206E-15
-6.294871E-15
0.0
6.2948765E-15
3.962061E-15
1.2169216E-16
1.2560736E-15
2.0550931E-15
2.8157419E-16
5.5902835E-16
5.9850827E-6
5.590291E-16
2.8157525E-16
2.0550934E-15
1.2560734E-15
1.2169254E-16
3.96206E-15
6.294871E-15
0.0
-6.2948765E-15
-3.962061E-15
-1.2169216E-16
-1.2560736E-15
-2.0550931E-15
-2.8157419E-16
-5.5902835E-16
9.752512E-6
-5.590291E-16
-2.8157525E-16
-2.0550934E-15
-1.2560734E-15
-1.2169254E-16
-3.96206E-15
-6.294871E-15
0.0
6.2948765E-15
3.962061E-15
1.2169216E-16
1.2560736E-15
2.0550931E-15
2.8157419E-16
5.5902835E-16
-6.67572E-6
5.590291E-16
2.8157525E-16
2.0550934E-15
1.2560734E-15
1.2169254E-16
3.96206E-15
6.294871E-15
