2.9298453
5.641715
8.923366
12.414625
15.952655
19.497015
23.041895
26.586805
30.131716
33.676624
37.221535
40.766445
44.311356
47.856266
51.401176
54.946083
58.490993
62.035904
65.58082
69.125725
72.67063
76.215546
79.76045
83.30537
86.85027
90.39519
93.940094
97.485
101.029915
104.57482
108.119736
111.66464
115.20956
118.75446
122.29938
125.844284
129.38919
132.9341
136.47902
140.02393
143.56883
147.11374
150.65866
154.20357
157.74847
161.29338
164.83829
168.38321
171.92812
175.47302
179.01793
182.56284
186.10776
189.65266
193.19757
196.74248
200.2874
203.8323
207.37715
210.92097
214.45212
217.88974
220.90813
222.78696
222.78696
220.90813
217.88974
214.45212
210.92097
207.37715
203.8323
200.2874
196.74248
193.19757
189.65266
186.10776
182.56284
179.01793
175.47302
171.92812
168.38321
164.83829
161.29338
157.74847
154.20357
150.65866
147.11374
143.56883
140.02393
136.47902
132.9341
129.38919
125.844284
122.29938
118.75446
115.20956
111.66464
108.119736
104.57482
101.029915
97.485
93.940094
90.39519
86.85027
83.30537
79.76045
76.215546
72.67063
69.125725
65.58082
62.035904
58.490993
54.946083
51.401176
47.856266
44.311356
40.766445
37.221535
33.676624
30.131716
26.586805
23.041895
19.497015
15.952655
12.414625
8.923366
5.641715
2.9298453
