0.5659891
0.4288136
0.19635697
0.06864236
0.033517968
0.028201424
0.027709145
0.02770932
0.02768199
0.027706249
0.027683767
0.027705582
0.0276848
0.027705012
0.027685847
0.027704539
0.0276863
0.027702037
0.027687965
0.027701208
0.027688945
0.02770049
0.027689788
0.027699959
0.027690487
0.027698275
0.027691998
0.02769765
0.027692564
0.027696967
0.0276934
0.027696084
0.027694603
0.027694052
0.027696505
0.027693022
0.02769721
0.027692482
0.027697848
0.027691528
0.027698707
0.027690362
0.02770022
0.027689472
0.027700767
0.027688606
0.027701478
0.027687434
0.027702907
0.027686438
0.027704742
0.027685326
0.027705146
0.027684478
0.027705725
0.027683003
0.027707245
0.027681822
0.027681416
0.027188778
0.021871788
-0.013252774
-0.14096802
-0.37342504
-0.5105999
-0.37342438
-0.14096777
-0.013253154
0.021871239
0.027187783
0.027680062
0.027679887
0.027707217
0.027682958
0.02770544
0.027683625
0.027704407
0.027684195
0.02770336
0.027684668
0.027702907
0.02768717
0.027701242
0.027687998
0.027700262
0.027688717
0.027699418
0.027689248
0.02769872
0.027690932
0.02769721
0.027691556
0.027696643
0.02769224
0.027695807
0.027693123
0.027694603
0.027695155
0.027692702
0.027696185
0.027691998
0.027696725
0.027691359
0.027697679
0.0276905
0.027698845
0.027688988
0.027699735
0.02768844
0.027700601
0.027687728
0.027701773
0.0276863
0.02770277
0.027684465
0.027703881
0.02768406
0.027704729
0.027683482
0.027706204
0.027681962
0.027707385
0.027707791
0.028200429
0.03351742
0.06864198
0.19635722
0.42881426
