2.051961E-14
7.0648257E-15
4.7954415E-15
1.794176E-15
1.2627224E-15
2.9902726E-15
3.2520348E-15
4.2222246E-15
63.99999
4.222224E-15
3.252034E-15
2.990272E-15
1.2627222E-15
1.7941759E-15
4.7954393E-15
7.0648206E-15
2.051961E-14
7.0648257E-15
4.7954415E-15
1.794176E-15
1.2627224E-15
2.9902726E-15
3.2520348E-15
4.2222246E-15
1.2194416E-5
4.222224E-15
3.252034E-15
2.990272E-15
1.2627222E-15
1.7941759E-15
4.7954393E-15
7.0648206E-15
2.051961E-14
7.0648257E-15
4.7954415E-15
1.794176E-15
1.2627224E-15
2.9902726E-15
3.2520348E-15
4.2222246E-15
4.9302444E-6
4.222224E-15
3.252034E-15
2.990272E-15
1.2627222E-15
1.7941759E-15
4.7954393E-15
7.0648206E-15
2.051961E-14
7.0648257E-15
4.7954415E-15
1.794176E-15
1.2627224E-15
2.9902726E-15
3.2520348E-15
4.2222246E-15
2.3841858E-5
4.222224E-15
3.252034E-15
2.990272E-15
1.2627222E-15
1.7941759E-15
4.7954393E-15
7.0648206E-15
2.051961E-14
7.0648257E-15
4.7954415E-15
1.794176E-15
1.2627224E-15
2.9902726E-15
3.2520348E-15
4.2222246E-15
4.7683716E-6
4.222224E-15
3.252034E-15
2.990272E-15
1.2627222E-15
1.7941759E-15
4.7954393E-15
7.0648206E-15
2.051961E-14
7.0648257E-15
4.7954415E-15
1.794176E-15
1.2627224E-15
2.9902726E-15
3.2520348E-15
4.2222246E-15
7.5694606E-6
4.222224E-15
3.252034E-15
2.990272E-15
1.2627222E-15
1.7941759E-15
4.7954393E-15
7.0648206E-15
2.051961E-14
7.0648257E-15
4.7954415E-15
1.794176E-15
1.2627224E-15
2.9902726E-15
3.2520348E-15
4.2222246E-15
9.784985E-6
4.222224E-15
3.252034E-15
2.990272E-15
1.2627222E-15
1.7941759E-15
4.7954393E-15
7.0648206E-15
2.051961E-14
7.0648257E-15
4.7954415E-15
1.794176E-15
1.2627224E-15
2.9902726E-15
3.2520348E-15
4.2222246E-15
63.99996
4.222224E-15
3.252034E-15
2.990272E-15
1.2627222E-15
1.7941759E-15
4.7954393E-15
7.0648206E-15
