4.5323988E-15
2.1901166E-15
4.077941E-15
9.73534E-15
1.1678988E-14
8.412686E-15
1.5394949E-15
6.2985607E-15
63.999977
6.2985616E-15
1.5394951E-15
8.412686E-15
1.1678988E-14
9.735339E-15
4.077941E-15
2.190116E-15
4.5323988E-15
2.1901166E-15
4.077941E-15
9.73534E-15
1.1678988E-14
8.412686E-15
1.5394949E-15
6.2985607E-15
3.0487697E-6
6.2985616E-15
1.5394951E-15
8.412686E-15
1.1678988E-14
9.735339E-15
4.077941E-15
2.190116E-15
4.5323988E-15
2.1901166E-15
4.077941E-15
9.73534E-15
1.1678988E-14
8.412686E-15
1.5394949E-15
6.2985607E-15
8.6883887E-7
6.2985616E-15
1.5394951E-15
8.412686E-15
1.1678988E-14
9.735339E-15
4.077941E-15
2.190116E-15
4.5323988E-15
2.1901166E-15
4.077941E-15
9.73534E-15
1.1678988E-14
8.412686E-15
1.5394949E-15
6.2985607E-15
1.81715E-5
6.2985616E-15
1.5394951E-15
8.412686E-15
1.1678988E-14
9.735339E-15
4.077941E-15
2.190116E-15
4.5323988E-15
2.1901166E-15
4.077941E-15
9.73534E-15
1.1678988E-14
8.412686E-15
1.5394949E-15
6.2985607E-15
1.1920929E-6
6.2985616E-15
1.5394951E-15
8.412686E-15
1.1678988E-14
9.735339E-15
4.077941E-15
2.190116E-15
4.5323988E-15
2.1901166E-15
4.077941E-15
9.73534E-15
1.1678988E-14
8.412686E-15
1.5394949E-15
6.2985607E-15
1.3162925E-6
6.2985616E-15
1.5394951E-15
8.412686E-15
1.1678988E-14
9.735339E-15
4.077941E-15
2.190116E-15
4.5323988E-15
2.1901166E-15
4.077941E-15
9.73534E-15
1.1678988E-14
8.412686E-15
1.5394949E-15
6.2985607E-15
5.625465E-6
6.2985616E-15
1.5394951E-15
8.412686E-15
1.1678988E-14
9.735339E-15
4.077941E-15
2.190116E-15
4.5323988E-15
2.1901166E-15
4.077941E-15
9.73534E-15
1.1678988E-14
8.412686E-15
1.5394949E-15
6.2985607E-15
63.99996
6.2985616E-15
1.5394951E-15
8.412686E-15
1.1678988E-14
9.735339E-15
4.077941E-15
2.190116E-15
