0.0
0.78914356
-0.5427849
0.41631284
1.4868132
2.5418344
-3.0459747
1.5046163
-1.5707964
-1.5046163
3.0459747
-2.5418344
-1.4868133
-0.41631287
0.542785
-0.78914344
0.0
0.78914356
-0.5427849
0.41631284
1.4868132
2.5418344
-3.0459747
1.5046163
-3.0215993
-1.5046163
3.0459747
-2.5418344
-1.4868133
-0.41631287
0.542785
-0.78914344
0.0
0.78914356
-0.5427849
0.41631284
1.4868132
2.5418344
-3.0459747
1.5046163
-2.7118814
-1.5046163
3.0459747
-2.5418344
-1.4868133
-0.41631287
0.542785
-0.78914344
0.0
0.78914356
-0.5427849
0.41631284
1.4868132
2.5418344
-3.0459747
1.5046163
1.9049944
-1.5046163
3.0459747
-2.5418344
-1.4868133
-0.41631287
0.542785
-0.78914344
0.0
0.78914356
-0.5427849
0.41631284
1.4868132
2.5418344
-3.0459747
1.5046163
3.1415927
-1.5046163
3.0459747
-2.5418344
-1.4868133
-0.41631287
0.542785
-0.78914344
0.0
0.78914356
-0.5427849
0.41631284
1.4868132
2.5418344
-3.0459747
1.5046163
2.8606517
-1.5046163
3.0459747
-2.5418344
-1.4868133
-0.41631287
0.542785
-0.78914344
0.0
0.78914356
-0.5427849
0.41631284
1.4868132
2.5418344
-3.0459747
1.5046163
-2.8633025
-1.5046163
3.0459747
-2.5418344
-1.4868133
-0.41631287
0.542785
-0.78914344
0.0
0.78914356
-0.5427849
0.41631284
1.4868132
2.5418344
-3.0459747
1.5046163
1.570796
-1.5046163
3.0459747
-2.5418344
-1.4868133
-0.41631287
0.542785
-0.78914344
