3.1415927
-1.0995796
-2.1692388
-3.0737143
-1.6734616
-2.383883
-3.0549002
-3.0088015
-1.9371512E-7
-0.13279147
-0.0866929
-0.7577099
-1.4681315
-0.067878544
-0.97235405
-2.0420134
0.0
2.0420132
0.97235376
0.06787832
1.4681311
0.7577096
0.08669256
0.1327913
-0.51301366
3.0088012
3.0548997
2.3838828
1.6734611
3.073714
2.1692386
1.0995792
3.1415927
-1.0995796
-2.1692388
-3.0737143
-1.6734616
-2.383883
-3.0549002
-3.0088015
-0.043778248
-0.13279147
-0.0866929
-0.7577099
-1.4681315
-0.067878544
-0.97235405
-2.0420134
0.0
2.0420132
0.97235376
0.06787832
1.4681311
0.7577096
0.08669256
0.1327913
0.2837941
3.0088012
3.0548997
2.3838828
1.6734611
3.073714
2.1692386
1.0995792
3.1415927
-1.0995796
-2.1692388
-3.0737143
-1.6734616
-2.383883
-3.0549002
-3.0088015
0.6435011
-0.13279147
-0.0866929
-0.7577099
-1.4681315
-0.067878544
-0.97235405
-2.0420134
0.0
2.0420132
0.97235376
0.06787832
1.4681311
0.7577096
0.08669256
0.1327913
0.9119322
3.0088012
3.0548997
2.3838828
1.6734611
3.073714
2.1692386
1.0995792
3.1415927
-1.0995796
-2.1692388
-3.0737143
-1.6734616
-2.383883
-3.0549002
-3.0088015
1.4893034
-0.13279147
-0.0866929
-0.7577099
-1.4681315
-0.067878544
-0.97235405
-2.0420134
0.0
2.0420132
0.97235376
0.06787832
1.4681311
0.7577096
0.08669256
0.1327913
-1.0430819E-7
3.0088012
3.0548997
2.3838828
1.6734611
3.073714
2.1692386
1.0995792
