0.0
5.7065463E-14
8.881784E-16
2.593481E-13
8.881784E-16
5.684342E-14
6.039613E-14
2.4158453E-13
1.6431301E-13
8.615331E-14
2.3536728E-13
5.018208E-13
4.3542947E-13
6.865619E-13
7.338574E-13
7.3741013E-13
5.551115E-15
7.993606E-15
4.453382E-14
1.1485257E-13
5.752343E-14
1.1018703E-13
8.8040686E-14
2.5286804E-13
2.1160265E-13
4.829206E-13
8.9687985E-13
4.4940397E-12
3.11882E-11
1.4726476E-10
7.0527495E-10
3.0751144E-9
1.2834781E-8
5.0343782E-8
1.8884194E-7
6.7857457E-7
2.335644E-6
7.700076E-6
2.4305778E-5
7.3455405E-5
2.1258842E-4
5.8911025E-4
0.0015632196
0.0039719157
0.0096638
0.022514233
0.050226342
0.10729208
0.21946731
0.42986596
0.80623215
1.4479406
2.4900324
4.100369
6.4655375
9.762248
14.114284
19.540302
25.904047
32.882694
39.969707
46.52197
51.85002
55.33545
56.54867
55.335533
51.850105
46.522038
39.96976
32.882736
25.904074
19.540321
14.114296
9.7622595
6.4655437
4.1003737
2.4900362
1.4479431
0.80623376
0.42986712
0.21946743
0.107292764
0.050226673
0.022514544
0.009664009
0.003972027
0.0015632738
5.8914453E-4
2.1260661E-4
7.346608E-5
2.4313196E-5
7.703486E-6
2.3379441E-6
6.795979E-7
1.8922549E-7
5.0595244E-8
1.2834786E-8
3.1344811E-9
7.350052E-10
1.6309673E-10
3.634956E-11
7.930146E-12
1.9771498E-12
2.7998654E-13
1.1145598E-13
2.1472516E-13
2.8152914E-13
5.250427E-13
6.079165E-13
6.2450045E-13
6.475376E-13
6.616929E-13
4.3576254E-14
9.436896E-14
1.5365487E-13
5.151435E-13
5.551115E-13
1.2079227E-12
9.414691E-13
1.7230661E-12
2.7995384E-12
2.807532E-12
4.7322146E-12
5.8122396E-12
6.0049743E-12
7.1658235E-12
7.1658235E-12
1.0066226E-11
