0.0
1.000603
0.0
1.0054408
0.0
1.0152119
0.0
1.0301073
0.0
1.0504256
0.0
1.0765823
0.0
1.1091324
0.0
1.1487927
0.0
1.196488
0.0
1.2533685
0.0
1.3209141
0.0
1.4009954
0.0
1.4960082
0.0
1.6090337
0.0
1.7440852
0.0
1.9064455
0.0
2.103199
0.0
2.3439238
0.0
2.641937
0.0
3.0160873
0.0
3.493783
0.0
4.116091
0.0
4.946802
0.0
6.0893464
0.0
7.7205477
0.0
10.162982
0.0
14.0576315
0.0
20.830984
0.0
34.21377
0.0
66.73611
0.0
184.783
0.0
1660.377
4096.0
1660.38
0.0
184.78317
0.0
66.73617
0.0
34.21378
0.0
20.830997
0.0
14.057622
0.0
10.1629715
0.0
7.720517
0.0
6.0893717
0.0
4.9468102
0.0
4.116094
0.0
3.4937816
0.0
3.0160866
0.0
2.6419342
0.0
2.3439195
0.0
2.1031883
0.0
1.906454
0.0
1.7440872
0.0
1.6090344
0.0
1.4960076
0.0
1.4009949
0.0
1.3209119
0.0
1.2533656
0.0
1.1964818
0.0
1.1487962
0.0
1.109133
0.0
1.0765817
0.0
1.0504237
0.0
1.0301057
0.0
1.0152093
0.0
1.0054371
0.0
1.0005928
