0.0
2.3841858E-7
0.0
-4.7683716E-7
0.0
0.0
2.3841858E-7
-4.7683716E-7
2.3841858E-7
-1.1920929E-7
3.5762787E-7
-6.556511E-7
5.9604645E-7
-6.556511E-7
6.556511E-7
-5.364418E-7
5.9604645E-8
-8.940697E-8
7.4505806E-8
-1.8626451E-7
1.7508864E-7
-1.8067658E-7
1.8626451E-7
-2.4586916E-7
3.2735988E-7
-6.79167E-7
8.714851E-7
-1.5726546E-6
3.9670267E-6
-8.3864725E-6
1.83714E-5
-3.8926955E-5
8.010863E-5
-1.6245726E-4
3.2210455E-4
-6.2381715E-4
0.0011813929
-0.0021877233
0.0039601256
-0.007007441
0.012123397
-0.020506278
0.033912845
-0.054836147
0.08669747
-0.13402659
0.20259577
-0.29945436
0.43281296
-0.61170894
0.84541655
-1.1425712
1.5100362
-1.9515857
2.4665394
-3.048542
3.6847103
-4.355362
5.0345144
-5.6912184
6.291717
-6.8022203
7.1920223
-7.4365396
7.519885
-7.4365454
7.192028
-6.8022256
6.2917213
-5.691222
5.0345173
-4.3553643
3.6847122
-3.048544
2.4665408
-1.9515872
1.5100378
-1.1425726
0.8454179
-0.6117105
0.4328131
-0.2994547
0.20259593
-0.13402706
0.086698055
-0.05483681
0.033913426
-0.02050697
0.012124091
-0.007008112
0.00396093
-0.0021885405
0.0011824039
-6.248533E-4
3.228056E-4
-1.6349042E-4
8.010866E-5
-3.8529608E-5
1.8357168E-5
-8.468924E-6
3.7858263E-6
-1.913053E-6
9.606592E-7
-3.9627776E-7
3.0733645E-7
-4.6286732E-7
5.271286E-7
-7.2456896E-7
7.674098E-7
-7.8231096E-7
8.046627E-7
-8.046627E-7
2.0861626E-7
-2.9802322E-7
3.874302E-7
-7.1525574E-7
7.1525574E-7
-1.0728836E-6
9.536743E-7
-1.3113022E-6
1.66893E-6
-1.66893E-6
2.1457672E-6
-2.3841858E-6
2.3841858E-6
-2.6226044E-6
2.6226044E-6
-3.0994415E-6
