-2.051961E-14
3.2072246E-15
-2.7015426E-15
-1.7900445E-15
-1.2941006E-16
-2.1721698E-15
-3.2398218E-15
-4.185053E-15
63.99999
4.1850526E-15
3.239821E-15
2.1721688E-15
1.2940943E-16
1.790044E-15
2.7015402E-15
-3.2072242E-15
2.051961E-14
-3.2072246E-15
2.7015426E-15
1.7900445E-15
1.2941006E-16
2.1721698E-15
3.2398218E-15
4.185053E-15
1.0624621E-5
-4.1850526E-15
-3.239821E-15
-2.1721688E-15
-1.2940943E-16
-1.790044E-15
-2.7015402E-15
3.2072242E-15
-2.051961E-14
3.2072246E-15
-2.7015426E-15
-1.7900445E-15
-1.2941006E-16
-2.1721698E-15
-3.2398218E-15
-4.185053E-15
4.9255204E-6
4.1850526E-15
3.239821E-15
2.1721688E-15
1.2940943E-16
1.790044E-15
2.7015402E-15
-3.2072242E-15
2.051961E-14
-3.2072246E-15
2.7015426E-15
1.7900445E-15
1.2941006E-16
2.1721698E-15
3.2398218E-15
4.185053E-15
2.2888184E-5
-4.1850526E-15
-3.239821E-15
-2.1721688E-15
-1.2940943E-16
-1.790044E-15
-2.7015402E-15
3.2072242E-15
-2.051961E-14
3.2072246E-15
-2.7015426E-15
-1.7900445E-15
-1.2941006E-16
-2.1721698E-15
-3.2398218E-15
-4.185053E-15
3.8146973E-6
4.1850526E-15
3.239821E-15
2.1721688E-15
1.2940943E-16
1.790044E-15
2.7015402E-15
-3.2072242E-15
2.051961E-14
-3.2072246E-15
2.7015426E-15
1.7900445E-15
1.2941006E-16
2.1721698E-15
3.2398218E-15
4.185053E-15
4.634169E-6
-4.1850526E-15
-3.239821E-15
-2.1721688E-15
-1.2940943E-16
-1.790044E-15
-2.7015402E-15
3.2072242E-15
-2.051961E-14
3.2072246E-15
-2.7015426E-15
-1.7900445E-15
-1.2941006E-16
-2.1721698E-15
-3.2398218E-15
-4.185053E-15
7.965257E-7
4.1850526E-15
3.239821E-15
2.1721688E-15
1.2940943E-16
1.790044E-15
2.7015402E-15
-3.2072242E-15
2.051961E-14
-3.2072246E-15
2.7015426E-15
1.7900445E-15
1.2941006E-16
2.1721698E-15
3.2398218E-15
4.185053E-15
63.99996
-4.1850526E-15
-3.239821E-15
-2.1721688E-15
-1.2940943E-16
-1.790044E-15
-2.7015402E-15
3.2072242E-15
