4.5323988E-15
1.5428351E-15
3.491833E-15
8.903808E-15
9.796854E-16
-6.944437E-15
-1.5324626E-15
4.1653533E-16
-3.0994415E-6
4.1653502E-16
-1.5324628E-15
-6.9444377E-15
9.796848E-16
8.903807E-15
3.4918328E-15
1.5428348E-15
4.5323988E-15
1.5428351E-15
3.491833E-15
8.903808E-15
9.796854E-16
-6.944437E-15
-1.5324626E-15
4.1653533E-16
-3.0268473E-6
4.1653502E-16
-1.5324628E-15
-6.9444377E-15
9.796848E-16
8.903807E-15
3.4918328E-15
1.5428348E-15
4.5323988E-15
1.5428351E-15
3.491833E-15
8.903808E-15
9.796854E-16
-6.944437E-15
-1.5324626E-15
4.1653533E-16
-7.898493E-7
4.1653502E-16
-1.5324628E-15
-6.9444377E-15
9.796848E-16
8.903807E-15
3.4918328E-15
1.5428348E-15
4.5323988E-15
1.5428351E-15
3.491833E-15
8.903808E-15
9.796854E-16
-6.944437E-15
-1.5324626E-15
4.1653533E-16
-5.9604645E-6
4.1653502E-16
-1.5324628E-15
-6.9444377E-15
9.796848E-16
8.903807E-15
3.4918328E-15
1.5428348E-15
4.5323988E-15
1.5428351E-15
3.491833E-15
8.903808E-15
9.796854E-16
-6.944437E-15
-1.5324626E-15
4.1653533E-16
-1.1920929E-6
4.1653502E-16
-1.5324628E-15
-6.9444377E-15
9.796848E-16
8.903807E-15
3.4918328E-15
1.5428348E-15
4.5323988E-15
1.5428351E-15
3.491833E-15
8.903808E-15
9.796854E-16
-6.944437E-15
-1.5324626E-15
4.1653533E-16
-1.2646872E-6
4.1653502E-16
-1.5324628E-15
-6.9444377E-15
9.796848E-16
8.903807E-15
3.4918328E-15
1.5428348E-15
4.5323988E-15
1.5428351E-15
3.491833E-15
8.903808E-15
9.796854E-16
-6.944437E-15
-1.5324626E-15
4.1653533E-16
-5.4090337E-6
4.1653502E-16
-1.5324628E-15
-6.9444377E-15
9.796848E-16
8.903807E-15
3.4918328E-15
1.5428348E-15
4.5323988E-15
1.5428351E-15
3.491833E-15
8.903808E-15
9.796854E-16
-6.944437E-15
-1.5324626E-15
4.1653533E-16
2.0742416E-5
4.1653502E-16
-1.5324628E-15
-6.9444377E-15
9.796848E-16
8.903807E-15
3.4918328E-15
1.5428348E-15
