0.0
0.024549484
0.0
-0.07376385
0.0
0.12333822
0.0
-0.17351675
0.0
0.2245574
0.0
-0.2767372
0.0
0.33035564
0.0
-0.38574445
0.0
0.44326913
0.0
-0.5033573
0.0
0.56649244
0.0
-0.63324285
0.0
0.70427895
0.0
-0.78040683
0.0
0.8626051
0.0
-0.9520786
0.0
1.0503323
0.0
-1.1592772
0.0
1.2813808
0.0
-1.4198903
0.0
1.5791717
0.0
-1.7652457
0.0
1.986657
0.0
-2.2559614
0.0
2.5924015
0.0
-3.0270414
0.0
3.613534
0.0
-4.4531994
0.0
5.763139
0.0
-8.10778
0.0
13.556659
0.0
-40.73545
64.0
-40.73549
0.0
13.556665
0.0
-8.107784
0.0
5.7631392
0.0
-4.453201
0.0
3.613533
0.0
-3.0270395
0.0
2.5923939
0.0
-2.2559638
0.0
1.9866582
0.0
-1.7652465
0.0
1.5791712
0.0
-1.4198899
0.0
1.2813803
0.0
-1.159276
0.0
1.050328
0.0
-0.95207906
0.0
0.86260533
0.0
-0.7804071
0.0
0.70427835
0.0
-0.63324213
0.0
0.56649184
0.0
-0.50335586
0.0
0.44326508
0.0
-0.38574183
0.0
0.33035445
0.0
-0.27673638
0.0
0.22455573
0.0
-0.1735146
0.0
0.12333536
0.0
-0.07376003
0.0
0.024534225
