0.0
0.38268343
0.70710677
0.9238795
1.0
0.9238795
0.70710677
0.38268343
1.2246064E-16
-0.38268343
-0.70710677
-0.9238795
-1.0
-0.9238795
-0.70710677
-0.38268343
-2.4492127E-16
0.38268343
0.70710677
0.9238795
1.0
0.9238795
0.70710677
0.38268343
3.673819E-16
-0.38268343
-0.70710677
-0.9238795
-1.0
-0.9238795
-0.70710677
-0.38268343
-4.8984254E-16
0.38268343
0.70710677
0.9238795
1.0
0.9238795
0.70710677
0.38268343
6.123032E-16
-0.38268343
-0.70710677
-0.9238795
-1.0
-0.9238795
-0.70710677
-0.38268343
-7.347638E-16
0.38268343
0.70710677
0.9238795
1.0
0.9238795
0.70710677
0.38268343
8.5722445E-16
-0.38268343
-0.70710677
-0.9238795
-1.0
-0.9238795
-0.70710677
-0.38268343
-9.796851E-16
0.38268343
0.70710677
0.9238795
1.0
0.9238795
0.70710677
0.38268343
1.1021457E-15
-0.38268343
-0.70710677
-0.9238795
-1.0
-0.9238795
-0.70710677
-0.38268343
-1.2246064E-15
0.38268343
0.70710677
0.9238795
1.0
0.9238795
0.70710677
0.38268343
4.8997807E-15
-0.38268343
-0.70710677
-0.9238795
-1.0
-0.9238795
-0.70710677
-0.38268343
-1.4695276E-15
0.38268343
0.70710677
0.9238795
1.0
0.9238795
0.70710677
0.38268343
-1.9607254E-15
-0.38268343
-0.70710677
-0.9238795
-1.0
-0.9238795
-0.70710677
-0.38268343
-1.7144489E-15
0.38268343
0.70710677
0.9238795
1.0
0.9238795
0.70710677
0.38268343
5.389623E-15
-0.38268343
-0.70710677
-0.9238795
-1.0
-0.9238795
-0.70710677
-0.38268343
